0,0.509728238971149
0,0.511728238971149
0.000127019384933428,0.514167029146937
0.000380624518205,0.517044857025855
0.000760352655101042,0.5203622100577
0.00126570790819823,0.524119811647111
0.00189615642389131,0.528318616604938
0.00265112077219817,0.532959806025534
0.00352997355139726,0.538044781597283
0.00453203020879113,0.543575159354442
0.00565654107901,0.549552762879654
0.00690268264180666,0.55597961596817
0.00826954800228258,0.562857934767133
0.00975613659795285,0.570190119406084
0.0113613431390296,0.577978745138277
0.0130839457907982,0.586226553016448
0.0149225936099863,0.594936440131284
0.0168757932505933,0.604111449446149
0.0189418949587342,0.613754759267404
0.021119077880665,0.623869672396135
0.0234053347132339,0.634459605013931
0.0257984557315344,0.645528075362778
0.0282960122344353,0.657078692286798
0.0308953394548777,0.669115143711533
0.033593518988258,0.681641185144573
0.0363873607987628,0.694660628289377
0.0392733848700639,0.708177329872056
0.0422478025731899,0.722195180788403
0.045306497830524,0.736718095685475
0.048445008160576,0.751750003098275
0.0516585056933005,0.76729483626738
0.0549417782501055,0.783356524767513
0.0582892105861853,0.79993898707985
0.0616947658952583,0.817046124242088
0.0651519676780883,0.834681814709834
0.0686538820761953,0.852849910560553
0.0721931007708651,0.871554235167024
0.0757617245448968,0.890798582460886
0.0793513476004951,0.91058671789847
0.0829530427213739,0.930922381230608
0.0865573473605876,0.951809291165609
0.0901542507280144,0.973251152000176
0.0937331819429896,0.995251662276812
0.0972829993086016,1.01781452550848
0.100791980754957,1.04094346299193
0.104247815489661,1.06464222871076
0.107637596885312,1.08891462630741
0.110947816626414,1.11376452808131
0.114164360132401,1.13919589594653
0.117272503269855,1.16521280425892
0.120256910366347,1.19181946439743
0.123101633541076,1.21902025095892
0.125790113374516,1.24681972939865
0.128305180951324,1.27522268491985
0.130629061328683,1.30423415238487
0.132743378506979,1.33385944698567
0.13462916201235,1.36410419537281
0.136266855242315,1.39497436689683
0.137636325777803,1.42647630456352
0.138716877929005,1.45861675524181
0.139487267860345,1.49140289858753
0.139925721733668,1.5248423740556
0.140009957420784,1.55894330526232
0.139717210469693,1.59371432082563
0.139024265166195,1.62916457064814
0.137907491717839,1.66530373641118
0.136342890804015,1.70214203481042
0.134306146988822,1.73969021177966
0.13177269278611,1.77795952561012
0.128717785502955,1.81696171647267
0.125116599371787,1.8567089593811
0.120944335914048,1.89721379709284
0.116176355958363,1.93848904882427
0.110788337257897,1.98054768996631
0.104756462202153,2.02340269722996
0.0980576406748109,2.06706685285635
0.0906697736335102,2.1115525007294
0.0825720634216515,2.15687124650016
0.0737453770808428,2.20303359326846
0.0641726688950753,2.25004850411855
0.0538394679004104,2.29792288307189
0.0427344349236287,2.34666096707652
0.0308499916049909,2.39626362383911
0.0181830205046314,2.44672755403669
0.00473563045868486,2.49804440216728
-0.00948402546324027,2.55019978844612
-0.0244609009366248,2.6031722850315
-0.0401722087574281,2.6569323734951
-0.0565866195965148,2.71144143635802
-0.0736635652204249,2.76665085247217
-0.0913527162099008,2.82250128185798
-0.109593712475023,2.87892223710287
-0.128316226349653,2.93583204156001
-0.147440429552087,2.99313826517222
-0.166877914394129,3.05073870353807
-0.186533085735059,3.10852292397741
-0.20630499559851,3.16637434669481
-0.22608954268311,3.22417276683316
-0.245781912492666,3.28179716493219
-0.265279099724675,3.33912861093784
-0.284482340521894,3.39605305019198
-0.303299291808964,3.45246377319937
-0.321645826470857,3.50826341190849
-0.33944735997835,3.56336536499249
-0.356639676806509,3.61769462092661
-0.373169274155862,3.67118800843649
-0.388993278939914,3.72379395026689
-0.404079018187372,3.77547182405009
-0.418403332873587,3.82619104371688
-0.431951723224825,3.87592996992908
-0.444717403433612,3.92467474336841
-0.456700329261189,3.97241811527864
-0.467906246303958,4.01915832934095
-0.478345791926466,4.0648980903807
-0.488033671238176,4.10964363994376
-0.496987917493045,4.15340394688675
-0.505229239894476,4.19619001262836
-0.512780456684145,4.23801428511473
-0.519666008152236,4.27889017225074
-0.525911542386626,4.31883164394329
-0.531543565782192,4.3578529114747
-0.536589150231769,4.39596817326116
-0.541075689264153,4.4331914168403
-0.545030695995838,4.46953626795406
-0.548481636491397,4.5050158786959
-0.551455792894979,4.539642847782
-0.553980151447033,4.57342916702637
-0.556081311203554,4.60638618902153
-0.557785409912861,4.63852461183782
-0.559118064070807,4.66985447725546
-0.560104320669144,4.70038517964054
-0.56076861857738,4.7301254830789
-0.561134757861565,4.75908354480192
-0.561225875650682,4.78726694328658
-0.561064427419408,4.81468270969974
-0.56067217277143,4.84133736159345
-0.560070164986074,4.86723693795242
-0.559278743738186,4.89238703485483
-0.558317530521455,4.91679284113896
-0.557205426402918,4.94045917357718
-0.555960611814622,4.96339051114898
-0.554600548150387,4.98559102808062
-0.553141980983904,5.00706462538299
-0.551600944761221,5.0278149606744
-0.54999276884795,5.04784547612224
-0.548332084830883,5.06715942437957
-0.54663283498668,5.08575989242942
-0.544908281837943,5.10364982328306
-0.543171018720667,5.12083203550832
-0.541432981287453,5.13730924059106
-0.539705459869034,5.15308405815776
-0.537999112613164,5.16815902910915
-0.53632397931546,5.18253662673487
-0.534689495851863,5.1962192658967
-0.533104509117479,5.20920931038346
-0.531577292371942,5.22150907855383
-0.53011556088753,5.23312084739405
-0.528726487793175,5.24404685512649
-0.527416720005425,5.25428930251134
-0.526192394136483,5.26385035298785
-0.52505915226962,5.2727321318041
-0.524022157493686,5.28093672428417
-0.523086109090896,5.28846617338003
-0.522255257275708,5.29532247665227
-0.521533417387188,5.30150758281841
-0.520923983442728,5.30702338800163
-0.520429940967286,5.31187173180489
-0.520053879019263,5.31605439332666
-0.519798001341644,5.31957308722523
-0.519664136575014,5.32242945992792
-0.519653747477339,5.32462508607089
-0.519767939104007,5.32616146524385
-0.520007465910313,5.32704001910223
-0.520372737747367,5.32726208889792
-0.520863824731258,5.32682893346742
-0.521480460974032,5.32574172770462
-0.522222047173755,5.32400156153374
-0.523087652069454,5.32160943938618
-0.524076012775106,5.3185662801738
-0.52518553401499,5.31487291774032
-0.526414286290674,5.3105301017614
-0.527760003017516,5.30553849905439
-0.529220076675963,5.29989869524842
-0.530791554029928,5.29361119675657
-0.532471130471188,5.28667643298341
-0.534255143555009,5.279094758693
-0.536139565798001,5.27086645645559
-0.538119996814499,5.2619917390848
-0.54019165487257,5.25247075197178
-0.542349367954875,5.24230357521839
-0.544587564413201,5.23149022546835
-0.546900263308299,5.2200306573329
-0.549281064528842,5.20792476430701
-0.551723138784684,5.19517237907237
-0.554219217570277,5.1817732730855
-0.556761583193959,5.16772715535242
-0.55934205896801,5.15303367029638
-0.561951999652828,5.13769239463137
-0.564582282246435,5.12170283316194
-0.567223297207895,5.10506441343968
-0.569864940200195,5.08777647921722
-0.572496604434928,5.06983828265357
-0.57510717369798,5.05124897523838
-0.577685016132449,5.03200759741861
-0.580217978852746,5.01211306692768
-0.58269338346241,4.99156416583645
-0.585098022548028,4.97035952636494
-0.587418157223355,4.94849761551617
-0.589639515801551,4.92597671861691
-0.591747293680168,4.90279492187632
-0.593726154533551,4.87895009410171
-0.595560232921456,4.85443986774199
-0.597233138441623,4.82926161946425
-0.598727961578661,4.80341245050837
-0.600027281432764,4.77688916710846
-0.601113175550591,4.74968826132164
-0.601967232128266,4.72180589266297
-0.602570564914151,4.69323787101403
-0.60290383120831,4.66397964135273
-0.602947253438066,4.63402627094588
-0.60268064488645,4.60337243975656
-0.60208344026469,4.57201243494845
-0.60113473195319,4.53994015052224
-0.59981331288982,4.50714909329846
-0.598097727261851,4.47363239667041
-0.595966330360403,4.43938284379422
-0.593397359185067,4.40439290216258
-0.590369015641975,4.36865477182879
-0.586859564459964,4.33216044990723
-0.582847448253298,4.29490181437564
-0.578311422479205,4.25687073063703
-0.573230713362559,4.21805918475412
-0.567585202170575,4.1784594477285
-0.561355639489723,4.13806427562775
-0.554523893346221,4.09686715072364
-0.547073235065427,4.05486256902461
-0.538988666610707,4.01204637957798
-0.530257292682859,3.96841618055962
-0.520868739976973,3.92397177630772
-0.510815624540868,3.87871569790561
-0.500094065996495,3.83265378745927
-0.488704244306623,3.78579584262092
-0.476650990647858,3.73815631297013
-0.46394439870142,3.6897550334365
-0.450600436325963,3.64061797203495
-0.43664153035205,3.590777960024
-0.422097089625328,3.54027536277675
-0.407003924253605,3.48915864020087
-0.39140651347779,3.43748473797729
-0.375357072196528,3.38531924714857
-0.358915368572461,3.33273627182212
-0.342148253784977,3.2798179548802
-0.325128880677334,3.2266536307139
-0.307935610451646,3.17333860177028
-0.290650633881143,3.11997256983184
-0.273358362397328,3.06665778916016
-0.256143670438804,3.01349704122905
-0.239090088990611,2.96059155380352
-0.222278057629285,2.90803899591279
-0.20578333694886,2.85593167276358
-0.18967566583604,2.80435502207851
-0.174017721875611,2.75338647994785
-0.158864412845219,2.70309474609393
-0.14426249769386,2.653539441734
-0.130250510606523,2.60477112302773
-0.116858944178498,2.55683159235031
-0.104110638067421,2.50975443903218
-0.0920213170402285,2.4635657396326
-0.0806002254775274,2.41828485306443
-0.0698508122054789,2.37392525541748
-0.0597714281729033,2.33049537080511
-0.0503560085249153,2.28799936617419
-0.0415947190466094,2.24643788857547
-0.0334745541926922,2.20580873225156
-0.0259798797529814,2.16610742985274
-0.0190929176349165,2.12732776721111
-0.0127941734165139,2.08946222462518
-0.00706280944474329,2.05250234982866
-0.00187696754763349,2.0164390690414
0.00278595389931339,1.98126294300035
0.00694906358330263,1.94696437486893
0.0106357766442576,1.9135337766038
0.0138696452112362,1.88096169984966
0.016674215825171,1.84923893683193
0.0190729099137674,1.81835659608788
0.0210889239238435,1.78830615726063
0.022745146144134,1.75907950860397
0.0240640876523763,1.73066897032077
0.0250678251861305,1.70306730639071
0.025777954063826,1.67626772713383
0.0262155495706258,1.65026388440226
0.0264011354744421,1.62504986098859
0.026354658553496,1.60062015558112
0.0260954682014057,1.57696966437676
0.0256423003322907,1.55409366027762
0.0250132649401415,1.53198777044124
0.0242258367768612,1.51064795282321
0.0232968487048533,1.49007047224026
0.0222424873554095,1.47025187638814
0.0210782907857899,1.45118897216988
0.0198191478778476,1.43287880262213
0.0184792992611399,1.41531862467037
0.0170723395752879,1.39850588789367
0.0156112209112814,1.38243821443798
0.0141082572906814,1.36711338017905
0.0125751300563141,1.35252929720508
0.0110228940589837,1.33868399766026
0.00946198453275295,1.32557561896707
0.00790222455713955,1.31320239042326
0.00635283300873188,1.3015626211519
0.00482243290774681,1.29065468936692
0.0033190600673554,1.2804770329037
0.00185017195553931,1.27102814095332
0.000422656681101578,1.2623065469305
-0.000957157982532068,1.25431082239874
-0.00228349561974119,1.24703957197127
-0.00355112232258198,1.24049142910405
-0.00475533804595703,1.23466505269543
-0.0058919682419722,1.22955912440817
-0.00695735584277222,1.22517234663109
-0.00794835365592246,1.22150344100139
-0.00886231723057892,1.21855114741298
-0.00969709824630597,1.21631422344207
-0.0104510384695213,1.214791444128
-0.0111229643152399,1.21398160205424
-0.0117121820441315,1.21388350768335
-0.0122184736169876,1.21449598990736
-0.0126420932205935,1.21581789678446
-0.0129837644708197,1.21784809644183
-0.013244678290564,1.22058547813308
-0.0134264914520803,1.22402895344823
-0.0135313257653115,1.22817745768226
-0.0135617678861731,1.23302995137678
-0.0135208697113923,1.2385854220568
-0.0134121493195535,1.24484288619168
-0.0132395924115027,1.25180139141538
-0.0130076541972631,1.25946001904641
-0.0127212616711476,1.26781788695217
-0.0123858162118633,1.27687415280527
-0.0120071964400717,1.28662801778179
-0.011591761262128,1.29707873075137
-0.0111463530255133,1.30822559300912
-0.0106783007087895,1.32006796359651
-0.0101954230666539,1.3326052652554
-0.00970603164878283,1.34583699105369
-0.00921893360950298,1.3597627117151
-0.00874343422378335,1.37438208367665
-0.00828933902341604,1.38969485788795
-0.00786695546535443,1.40570088935461
-0.00748709404175349,1.42240014741464
-0.00716106873803456,1.43979272672147
-0.00690069674095493,1.45787885888986
-0.00671829729283996,1.47665892474147
-0.00662668958042425,1.49613346706508
-0.00663918953669237,1.51630320378184
-0.00676960542119806,1.53716904137834
-0.00703223202800712,1.55873208843955
-0.0074418433500238,1.58099366907828
-0.00801368350332637,1.60395533601875
-0.00876345568448798,1.62761888304612
-0.0097073088968474,1.65198635648298
-0.0108618221374003,1.67706006529443
-0.0122439856834023,1.70284258935568
-0.0138711790558361,1.72933678533842
-0.0157611451644644,1.75654578958189
-0.0179319600550931,1.7844730172115
-0.0204019975827434,1.8131221566488
-0.0231898882235875,1.84249715851986
-0.0263144711128029,1.87260221781385
-0.0297947382543552,1.90344174796635
-0.0336497696920263,1.93502034534349
-0.0378986582594951,1.96734274238138
-0.0425604223428861,2.00041374739244
-0.0476539048955833,2.03423816878897
-0.0531976567483689,2.06882072119949
-0.059209802067488,2.10416591067659
-0.065707883642918,2.14027789592918
-0.0727086855585168,2.17716032228194
-0.0802280307317674,2.21481612490048
-0.0882805508493822,2.25324729776677
-0.0968794264125563,2.29245462500335
-0.106036095000435,2.33243737150013
-0.115759926532913,2.37319293048567
-0.126057865345651,2.41471642681236
-0.136934040369715,2.45700027641182
-0.148389346723028,2.50003370474327
-0.160421004643987,2.54380223021233
-0.173022104967306,2.58828712254555
-0.186181154233538,2.63346485095758
-0.199881636913954,2.67930654250881
-0.21410161686298,2.725777477014
-0.228813404553364,2.77283665069727
-0.243983320291941,2.82043644572248
-0.259571585676604,2.8685224457604
-0.275532375161976,2.91703343774714
-0.291814055914762,2.96590163583952
-0.308359636558196,3.01505315447399
-0.325107433793891,3.06440874317306
-0.341991950791198,3.11388477698204
-0.358944943976638,3.16339447484491
-0.375896637482345,3.21284929645891
-0.392777029492764,3.26216044935843
-0.409517224483227,3.31124042527258
-0.426050721689319,3.36000448048906
-0.442314593832601,3.4083719799557
-0.458250500624782,3.45626753841346
-0.473805497180576,3.50362191173547
-0.4889326157348,3.55037261465656
-0.50359121734084,3.59646426382692
-0.517747126245433,3.64184866474147
-0.531372571846505,3.68648467569348
-0.544445970878296,3.73033789073453
-0.556951585852825,3.77338018695755
-0.5688790955048,3.81558918022145
-0.580223110016564,3.8569476290118
-0.590982659169602,3.89744281981661
-0.601160676189733,3.93706596034279
-0.610763494627455,3.97581159997329
-0.619800370616993,4.01367709062917
-0.628283038554976,4.05066209595169
-0.636225304738001,4.08676815254813
-0.643642680790704,4.12199828391026
-0.650552056727277,4.15635666539168
-0.656971412111085,4.18984833716541
-0.662919562891026,4.22247896121338
-0.668415940987233,4.25425461797769
-0.673480403473708,4.28518163820149
-0.678133068179564,4.31526646560383
-0.682394172638397,4.34451554628682
-0.686283953507197,4.37293524110648
-0.689822543815176,4.40053175760814
-0.693029885662658,4.42731109850381
-0.695925656252788,4.45327902403413
-0.698529205392261,4.47844102589888
-0.700859502834545,4.50280231075262
-0.702935094055986,4.52636779154213
-0.704774063250199,4.54914208521078
-0.706394002499069,4.57112951551254
-0.707811986230221,4.59233411986765
-0.709044550202524,4.61275965935605
-0.710107674374563,4.63240963108518
-0.711016769108089,4.65128728229059
-0.711786664240876,4.66939562563116
-0.712431600633075,4.68673745522992
-0.712965223849641,4.70331536308767
-0.713400579690283,4.71913175556192
-0.713750111318974,4.73418886965969
-0.714025657778652,4.74848878894083
-0.714238453704414,4.76203345886982
-0.714399130071189,4.7748247014896
-0.714517715830528,4.78686422932151
-0.714603640306394,4.79815365842155
-0.714665736232416,4.80869452054558
-0.714712243323494,4.81848827439527
-0.714750812283427,4.82753631593243
-0.714788509157756,4.83583998776315
-0.714831819947635,4.84340058760377
-0.714886655406557,4.85021937585005
-0.714958355947372,4.85629758227738
-0.71505169659247,4.86163641190522
-0.715170891905372,4.86623705006244
-0.715319600847379,4.87010066669201
-0.715500931508533,4.87322841993443
-0.71571744566782,4.87562145902875
-0.715971163143526,4.87728092656827
-0.716263565900772,4.87820796014606
-0.716595601889568,4.87840369342199
-0.716967688593225,4.87786925663944
-0.717379716273534,4.87660577661583
-0.717831050905796,4.87461437622662
-0.718320536803492,4.87189617339807
-0.718846498938986,4.8684522796197
-0.719406744973281,4.86428379798288
-0.719998567014232,4.8593918207484
-0.720618743128915,4.85377742644211
-0.721263538641879,4.84744167647496
-0.721928707256841,4.8403856112817
-0.722609492044936,4.83261024597095
-0.723300626347991,4.82411656547906
-0.723996334650355,4.814905519221
-0.724690333477787,4.80497801523298
-0.725375832386647,4.79433491380503
-0.726045535111422,4.78297702060572
-0.726691640943391,4.77090507930751
-0.727305846418256,4.75811976372843
-0.727879347395892,4.74462166951486
-0.728402841621257,4.73041130540131
-0.728866531862169,4.71548908409573
-0.729260129727289,4.69985531285381
-0.729572860276666,4.68351018382317
-0.729793467547774,4.66645376425769
-0.729910221132638,4.64868598672525
-0.729910923956671,4.63020663945726
-0.729782921427785,4.61101535701807
-0.729513112145669,4.59111161150506
-0.729087960386341,4.57049470452819
-0.728493510606872,4.54916376026053
-0.727715404250099,4.52711771989981
-0.726738899169858,4.50435533793688
-0.725548892044555,4.48087518068932
