0,4.06990791836293
0,4.07190791836293
0.000130949887332678,4.07325762155464
0.000391727441582763,4.07395778410177
0.000781530994752226,4.07400925210587
0.00129987971024864,4.07341296108942
0.00194661269090695,4.07216993604115
0.00272188693201604,4.0702812920131
0.00362617412701344,4.0677482352705
0.00466025632535926,4.0645720650062
0.0058252204340784,4.06075417564258
0.00712245154654707,4.0562960597543
0.00855362507427924,4.05119931165624
0.0101206976497328,4.04546563171139
0.0118258967605048,4.03909683142403
0.0136717090677329,4.03209483939439
0.0156608673540965,4.02446170822113
0.0177963360395602,4.01619962244872
0.0200812951959921,4.00731090766711
0.0225191229851218,3.99779804088091
0.0251133764380917,3.98766366227528
0.0278677704892761,3.97691058851476
0.030786155172293,3.96554182771945
0.0338724908824715,3.95356059627039
0.0371308216077731,3.94097033760158
0.0405652460296796,3.92777474313988
0.0441798863972853,3.91397777555543
0.0479788550823074,3.89958369448329
0.0519662187305436,3.88459708487142
0.0561459599371578,3.86902288809947
0.0605219363898294,3.85286643599674
0.0650978374461118,3.8361334878646
0.0698771381402226,3.81883027057745
0.0748630506508877,3.80096352179584
0.0800584733067584,3.78254053627444
0.0854659372602388,3.76356921518431
0.0910875510251466,3.74405811829298
0.0969249431491294,3.72401651875557
0.102979203378555,3.70345446016499
0.109250822771649,3.68238281538939
0.115739633324413,3.66081334659036
0.122444747792006,3.63875876566761
0.129364500513718,3.61623279421717
0.136496390179188,3.59325022192495
0.14383702560282,3.56982696214951
0.15138207569681,3.54598010328603
0.159126224943931,3.52172795435449
0.167063135761243,3.49709008313001
0.17518541920601,3.47208734504365
0.18348461549586,3.44674190103977
0.191951185786762,3.42107722259396
0.200574516565934,3.39511808218546
0.209342937864834,3.36889052768966
0.2182437562753,3.34242183941585
0.227263303458494,3.31574046886605
0.236387000475063,3.28887595872706
0.24559943784444,3.26185884412117
0.25488447077558,3.23472053571252
0.264225328520068,3.20749318587227
0.273604736305157,3.18020953971658
0.283005047835678,3.15290277341259
0.292408385937667,3.12560632266447
0.301796788579412,3.09835370471038
0.311152357270094,3.07117833745266
0.320457404719109,3.04411335948751
0.329694598649383,3.0171914547843
0.338847098795917,2.99044468559008
0.347898684377876,2.96390433681093
0.356833869692133,2.93760077467215
0.365638005915466,2.91156332191145
0.374297367694326,2.88582015114926
0.382799223616483,2.86039819744379
0.391131890169786,2.83532309041157
0.399284769274693,2.81061910570751
0.407248369908499,2.78630913513833
0.415014314705434,2.7624146742466
0.422575332708913,2.73895582586092
0.429925239666912,2.71595131786378
0.437058907400337,2.69341853327902
0.443972223842938,2.67137355071842
0.45066204535846,2.64983119323937
0.457126142896347,2.62880508373992
0.463363143462571,2.60830770513957
0.469372468267722,2.58835046374995
0.475154268780485,2.56894375441654
0.48070936176989,2.55009702619997
0.486039164271623,2.53181884755381
0.491145629268211,2.51411697013853
0.496031182734477,2.49699839058233
0.500698662571392,2.48046940965688
0.505151259835393,2.4645356884757
0.509392462567279,2.44920230144553
0.513426002435357,2.43447378580582
0.517255804331118,2.42035418767969
0.520885938991795,2.40684710463136
0.524320578671655,2.39395572478351
0.527563955841645,2.38168286259252
0.530620324863949,2.37003099141398
0.533493926562831,2.35900227301466
0.536188955594755,2.34859858420401
0.538709530508108,2.3388215407672
0.541059666374949,2.32967251888627
0.543243249873167,2.32115267423537
0.545264016696609,2.31326295893218
0.547125531172325,2.30600413652127
0.548831167967694,2.29937679515638
0.550384095775267,2.29338135913878
0.551787262869343,2.28801809895746
0.553043384435297,2.28328713996553
0.554154931580257,2.27918846981469
0.555124121941578,2.27572194475747
0.555952911817777,2.27288729491456
0.556642989754702,2.27068412859211
0.557195771528048,2.26911193572205
0.557612396471391,2.26817009048632
0.557893725107093,2.26785785317455
0.558040338045302,2.26817437131315
0.558052536124139,2.26911868009288
0.557930341771829,2.27068970211104
0.557673501579028,2.27288624643396
0.557281490077013,2.27570700697491
0.556753514724601,2.27915056017258
0.556088522113745,2.28321536194534
0.555285205410667,2.2878997438864
0.554342013056131,2.2932019086558
0.553257158755005,2.29911992451531
0.552028632791554,2.30565171894354
0.550654214712963,2.31279507125912
0.549131487429244,2.32054760417171
0.547457852782943,2.32890677417188
0.545630548646731,2.33786986066372
0.543646667611002,2.34743395373671
0.541503177326706,2.35759594046754
0.53919694257073,2.36835248963773
0.536724749101878,2.37970003474925
0.534083329374619,2.39163475521909
0.531269390174919,2.40415255563414
0.528279642237265,2.41724904295125
0.525110831893959,2.43091950153428
0.521759774796386,2.44515886593035
0.518223391732762,2.45996169130334
0.514498746547109,2.47532212146325
0.510583086139442,2.49123385445747
0.506473882496542,2.50769010572445
0.502168876665784,2.52468356885239
0.497666124540579,2.54220637403733
0.492964044274652,2.56025004439547
0.488061465083275,2.57880545035589
0.482957677122575,2.59786276244102
0.47765248206333,2.6174114028342
0.472146243893874,2.63743999623503
0.466439939398878,2.65793632061364
0.46053520766857,2.67888725859162
0.454434397898744,2.70027875029843
0.448140614648832,2.72209574867271
0.441657759637251,2.74432217829442
0.434990569075045,2.76694089893915
0.428144645475856,2.78993367513394
0.421126482838718,2.81328115305705
0.413943484086385,2.83696284615297
0.406603969662355,2.8609571308221
0.399117176250441,2.88524125348165
0.391493244686536,2.90979135017664
0.383743196286558,2.93458247973996
0.375878897018489,2.959588671259
0.367913009198235,2.98478298630318
0.359858930683796,3.01013759600878
0.351730721871467,3.03562387271499
0.343543021149652,3.06121249541251
0.335310949825457,3.0868735678223
0.327050007889323,3.11257674748895
0.318775962305319,3.13829138387348
0.310504729790934,3.16398666308784
0.302252256263955,3.18963175664833
0.294034395271543,3.21519597145519
0.285866787768951,3.24064889814225
0.277764745578397,3.26596055498794
0.269743140734146,3.29110152473632
0.261816302715113,3.31604308193258
0.253997925293375,3.34075730871841
0.24630098440175,3.36521719743624
0.23873766806451,3.389396738836
0.231319319061352,3.41327099513853
0.224056390624713,3.43681615766261
0.216958415120897,3.46000958914798
0.210033985350059,3.48282985128671
0.203290747829073,3.50525671829796
0.196735407201036,3.52727117763949
0.190373740748532,3.54885541913952
0.18421062187413,3.56999281395684
0.178250051347889,3.59066788483945
0.172495195102522,3.61086626915983
0.16694842737606,3.63057467616686
0.161611378051886,3.64978083981914
0.156484983119908,3.66847346846247
0.151569537273272,3.68664219249262
0.146864747756145,3.70427751101291
0.142369788684344,3.72137073835986
0.138083355167346,3.73791395123523
0.13400371666402,3.75389993705351
0.130128769102549,3.769322143993
0.126456085385717,3.7841746331287
0.122982963984728,3.79845203292633
0.119706475397639,3.81214949629103
0.116623506312023,3.82526266029007
0.113730801365992,3.83778760860636
0.111025002447677,3.84972083672826
0.108502685511258,3.86105921983932
0.106160394918487,3.87179998333918
0.10399467533912,3.88194067590167
0.102002101262492,3.89147914495822
0.100179304186483,3.90041351448236
0.0985229975600114,3.90874216494358
0.0970299995615274,3.91646371529548
0.0956972537995089,3.92357700686294
0.0945218480220433,3.9300810889958
0.0935010309217575,3.93597520636091
0.0926322271199912,3.94125878775109
0.0919130504105266,3.94593143629666
0.0913413153386627,3.94999292097422
0.0909150471861944,3.95344316931582
0.0906324904271012,3.95628226123186
0.0904921157126243,3.95851042387059
0.0904926254380393,3.96012802744694
0.0906329579369013,3.96113558198372
0.0909122903419379,3.96153373491814
0.0913300401451426,3.96132326953619
0.0918858654830263,3.96050510420776
0.0925796641664592,3.95908029240438
0.0934115714680975,3.95705002349132
0.0943819566740804,3.95441562429493
0.0954914184005154,3.95117856145497
0.096740778669276,3.94734044458078
0.0981310757318463,3.94290303023844
0.0996635556243912,3.93786822680463
0.101339662431964,3.93223810023069
0.103161027234828,3.92601488076808
0.105129455705337,3.91920097071364
0.107246914319793,3.91179895323985
0.109515515146239,3.9038116023808
0.111937499166432,3.89524189425064
0.114515218088361,3.88609301957458
0.11725111460488,3.8763683976164
0.120147701054433,3.86607169158762
0.123207536441759,3.85520682562345
0.126433201780173,3.8437780034087
0.129827273722706,3.83178972853199
0.133392296457569,3.81924682663925
0.137130751854304,3.80615446944667
0.141045027861107,3.79251820065831
0.145137385171469,3.7783439638147
0.14940992220006,3.7636381320742
0.153864538433901,3.74840753989923
0.15850289625595,3.7326595165835
0.163326381374372,3.71640192151358
0.168336062032455,3.69964318100856
0.173532647221284,3.68239232652446
0.178916444169963,3.66465903394558
0.184487315446067,3.64645366361391
0.190244636061432,3.62778730066929
0.196187251044547,3.60867179519012
0.202313434009198,3.58911980153715
0.208620847317873,3.56914481621409
0.215106504505412,3.54876121347147
0.221766735690563,3.52798427779732
0.228597156757142,3.50683023236464
0.235592643128523,3.48531626244586
0.242747308985047,3.46346053276374
0.250054492779224,3.44128219773227
0.257506749884116,3.41880140355581
0.265095853161976,3.39603928120428
0.272812802159901,3.37301792937229
0.28064784152487,3.34976038666251
0.288590489081187,3.32629059241025
0.296629573830425,3.30263333578532
0.304753283920543,3.27881419306576
0.312949224392442,3.25485945326852
0.321204484256607,3.23079603263537
0.329505712189288,3.20665137879634
0.337839199878234,3.18245336575296
0.34619097180459,3.15823018112498
0.354546880032534,3.13401020737005
0.362892702403204,3.10982189890321
0.371214242404519,3.08569365719713
0.37949742892094,3.06165370602748
0.387728414061535,3.03772996903375
0.395893667321538,3.01394995169392
0.40398006444912,2.99034062966605
0.41197496955893,2.96692834523756
0.419866309247949,2.94373871335761
0.427642637715939,2.92079653842245
0.435293192159655,2.89812574265455
0.442807937984078,2.87574930657978
0.450177603643068,2.85368922177899
0.457393705174945,2.83196645578286
0.464448560726839,2.81060092870524
0.4713352955584,2.78961150097609
0.478047838176606,2.76901597134679
0.484580908376937,2.74883108419966
0.490929998052488,2.72907254509872
0.497091345683652,2.70975504346782
0.503061905440134,2.69089228127013
0.50883931181859,2.67249700658439
0.514421840707803,2.65458105102156
0.519808367723966,2.6371553699953
0.524998324596065,2.62023008494358
0.529991654309905,2.60381452669291
0.534788765642911,2.58791727925451
0.539390487643741,2.57254622344138
0.543798024533613,2.55770857979127
0.548012911432188,2.5434109503721
0.552036971241378,2.52965935913149
0.55587227295654,2.51645929052867
0.559521091616902,2.50381572625577
0.562985870055845,2.49173317991569
0.566269182567036,2.48021572957494
0.569373700563951,2.46926704815367
0.572302160277911,2.45889043165106
0.575057332512719,2.44908882523315
0.577641994452035,2.43986484723353
0.580058903498047,2.43122081113456
0.582310773106401,2.42315874560964
0.584400250572184,2.4156804127157
0.586329896714497,2.40878732433042
0.588102167402452,2.40248075693062
0.589719396862802,2.39676176480855
0.591183782708568,2.39163119182037
0.592497372628627,2.38708968175741
0.593662052679973,2.38313768742605
0.5946795371271,2.37977547851584
0.595551359776407,2.37700314832878
0.596278866757539,2.37482061943557
0.596863210708082,2.37322764831683
0.597305346322785,2.37222382903917
0.597606027233519,2.37180859600839
0.597765804191302,2.37198122583332
0.597785024526954,2.37274083832603
0.597663832872168,2.37408639665586
0.597402173127956,2.37601670666679
0.596999791672543,2.37853041535968
0.596456241805718,2.38162600853343
0.595770889431449,2.38530180757141
0.594942919985106,2.38955596535275
0.593971346615909,2.39438646126087
0.592855019639143,2.3997910952555
0.59159263727617,2.40576748096848
0.590182757703322,2.41231303777808
0.588623812433142,2.4194249818123
0.586914121053193,2.42710031582724
0.585051907348552,2.43533581790424
0.583035316834003,2.44412802890729
0.580862435720764,2.45347323864211
0.578531311339991,2.46336747065926
0.576039974041227,2.47380646564685
0.573386460578077,2.48478566336328
0.570568838985486,2.49630018306861
0.567585234942754,2.50834480242291
0.56443385960365,2.52091393483454
0.561113038859258,2.53400160525764
0.557621243980351,2.54760142446028
0.553957123563786,2.56170656180973
0.550119536681454,2.5763097166521
0.5461075871005,2.59140308839872
0.541920658409777,2.60697834547233
0.537558449849801,2.62302659331185
0.533021012602009,2.63953834168557
0.528308786248204,2.65650347161798
0.523422635063283,2.67391120229581
0.518363883754453,2.69175005838151
0.513134352209344,2.71000783822784
0.507736388765032,2.72867158355214
0.502172901461884,2.74772755119254
0.496447386702381,2.76716118762668
0.490563954698124,2.78695710698495
0.484527351060761,2.80709907332995
0.478342973877607,2.82756998799939
0.472016885613026,2.84835188281621
0.465555819195359,2.86942591995408
0.458967177688667,2.8907723992049
0.452259027011093,2.91237077332534
0.445440081248496,2.93419967203852
0.438519680223547,2.95623693513581
0.431507759115899,2.9784596549615
0.424414810086105,3.000844228374
0.417251836030976,3.02336641806421
0.410030296785937,3.04600142288221
0.402762048284139,3.06872395658534
0.395459275375101,3.09150833418284
0.388134419189206,3.11432856482597
0.380800100100003,3.13715844998765
0.373469037475854,3.15997168550319
0.366153967518765,3.18274196591205
0.358867560555539,3.20544308945761
0.351622339170824,3.22804906207219
0.344430598551609,3.25053419870009
0.33730433034909,3.27287322039066
0.330255151259623,3.29504134572368
0.323294237387017,3.31701437530174
0.316432265280643,3.33876876825247
0.309679360355735,3.36028170991511
0.303045053202776,3.38153117013096
0.296538244090427,3.40249595180492
0.290167175769556,3.42315572964457
0.283939414501404,3.44349107920615
0.277861839066916,3.46348349657558
0.27194063737084,3.4831154091825
0.266181310136223,3.50237017838263
0.260588681093536,3.52123209454832
0.255166913003687,3.53968636547796
0.249919528814258,3.55771909897562
0.244849437231282,3.57531728046464
0.239958961991861,3.59246874648688
0.235249874142741,3.60916215490793
0.230723426663318,3.62538695260088
0.226380390815121,3.64113334132198
0.222221093650572,3.65639224242494
0.218245456169065,3.67115526098874
0.214453031665629,3.68541464986164
0.210843043874776,3.69916327405157
0.207414424567936,3.71239457582448
0.204165850315946,3.72510254080683
0.201095778177519,3.737281665329
0.19820248011991,3.74892692519205
0.19548407601876,3.76003374599242
0.192938565120297,3.77059797509703
0.190563855880661,3.78061585532541
0.188357794124332,3.79008400036475
0.186318189486693,3.79899937191891
0.184442840124983,3.8073592585718
0.182729555697644,3.81516125632948
0.181176178624612,3.8224032507932
0.179780603650972,3.82908340090658
0.178540795743704,3.83520012421428
0.177454806356557,3.84075208356587
0.176520788101486,3.84573817519761
0.175737007867016,3.8501575181247
0.175101858424483,3.8540094447791
0.174613868562628,3.85729349283063
0.17427171178968,3.86000939813329
0.174074213639982,3.8621570887435
0.174020357619567,3.86373667996258
0.174109289822031,3.86474847036114
0.174340322242632,3.86519293874975
0.174712934814884,3.8650707420663
0.175226776190161,3.86438271415689
0.175881663276903,3.86312986543387
0.176677579552187,3.86131338340083
0.177614672154569,3.85893463404073
0.17869324776342,3.85599516406979
0.179913767266415,3.85249670406531
0.181276839213587,3.84844117248149
0.182783212053314,3.84383068057251
0.184433765143028,3.83866753824698
0.186229498525237,3.83295426088191
0.188171521457848,3.82669357712835
0.190261039686765,3.81988843774336
0.192499341448475,3.81254202548509
0.194887782190978,3.80465776610877
0.197427768002993,3.79623934050086
0.200120737744159,3.78729069798733
0.202968143873011,3.77781607084838
0.20597143197507,3.76781999006714
0.209132019000641,3.75730730233257
0.212451270230991,3.7462831883072
0.215930475002788,3.73475318215865
0.219570821234096,3.7227231923384
0.223373368811139,3.71019952357373
0.227339021913535,3.69718890001688
0.231468500376986,3.68369848947094
0.235762310216462,3.66973592858293
0.240220713459896,3.65530934886216
0.244843697472086,3.64042740334596
0.249630943980812,3.62509929369469
0.254581798051749,3.60933479745532
0.25969523729515,3.59314429518688
0.264969841624752,3.57653879709351
0.270403763927182,3.55952996876246
0.275994702037073,3.54213015555587
0.281739872447977,3.5243524051596
0.287635986220319,3.50621048774968
0.293679227573416,3.48771891320133
0.299865235667034,3.46889294473763
0.30618909008708,3.44974860839877
0.312645300547751,3.43030269771004
0.319227801306851,3.41057277294011
0.325929950760251,3.39057715437377
0.332744536634217,3.37033490907564
0.339663787129616,3.34986583069596
0.346679388289632,3.32919041196661
0.353782507763048,3.30832980965358
0.360963825019901,3.28730580187095
0.36821356794768,3.26614073781704
0.375521555617794,3.24485748016201
0.382877246867798,3.22347934049256
0.390269794200137,3.20203000839701
0.397688102358375,3.18053347494606
0.405120890812857,3.15901395148362
0.41255675927529,3.13749578478092
0.419984255271048,3.11600336971915
0.427391942733512,3.09456106074542
