0,3.64239134583996
0,3.64439134583996
0.000129642431442589,3.64595016131226
0.000388582346109343,3.64706748548726
0.000776492289914481,3.6477432650583
0.00129306468604899,3.6479776977012
0.00193801338219644,3.64777123023543
0.00271107436545732,3.64712455742298
0.00361200565033964,3.64603862139941
0.00464058634681438,3.6445146117314
0.0057966149170485,3.64255396609389
0.00707990663106846,3.64015837155926
0.00849029023332544,3.63732976648998
0.0100276038339782,3.634070343025
0.0116916900407298,3.63038255014877
0.0134823903492974,3.62626909733001
0.0153995388130999,3.62173295871539
0.0174429550155661,3.61677737786071
0.0196124363716212,3.61140587297919
0.021907749788453,3.60562224268315
0.0243286227196019,3.59943057219113
0.0268747336507997,3.59283523996808
0.0295457020608062,3.58584092476094
0.0323410779057702,3.57845261298595
0.0352603306813739,3.57067560641783
0.0383028381231767,3.56251553012361
0.0414678746121462,3.55397834057615
0.04475459935928,3.54507033387457
0.0481620444504387,3.53579815398946
0.0516891028399235,3.52616880094232
0.0553345163888481,3.51618963881886
0.0590968640518272,3.50586840350669
0.0629745503227913,3.49521321003861
0.0669657940576464,3.48423255941358
0.0710686177978277,3.47293534475927
0.0752808377243212,3.46133085669244
0.0796000543761915,3.44942878772711
0.0840236442708082,3.43723923557561
0.0885487525645223,3.4247727051846
0.0931722868922383,3.41204010934727
0.097890912521904,3.39905276773481
0.102701048955124,3.38582240419462
0.107598868097715,3.37236114217068
0.112580294113847,3.35868149811237
0.117641005064375,3.34479637275286
0.122776436414006,3.33071904015641
0.127981786473055,3.31646313445578
0.133252023817967,3.30204263422627
0.138581896710593,3.28747184447152
0.143965944509899,3.27276537622749
0.149398511041664,3.25793812382457
0.154873759862442,3.24300523988315
0.160385691324157,3.22798210815385
0.165928161315913,3.21288431434974
0.17149490153071,3.19772761515297
0.17707954107748,3.18252790561129
0.182675629233995,3.16730118517031
0.18827665911451,3.15206352261381
0.193876092008095,3.13683102020624
0.199467382130141,3.12161977734804
0.205044001520824,3.10644585406523
0.210599464820776,3.09132523465872
0.216127353655959,3.07627379183715
0.221621340370656,3.06130725164818
0.227075210859494,3.04644115950902
0.232482886266067,3.03169084761627
0.237838443336528,3.01707140399012
0.243136133240878,3.00259764337833
0.248370398701854,2.98828408021239
0.253535889300558,2.9741449037729
0.258627474858431,2.96019395568455
0.263640256826118,2.94644470982371
0.26856957764039,2.93291025468493
0.27341102803991,2.91960327821761
0.278160452358607,2.90653605511032
0.282813951841294,2.89372043647022
0.287367886049442,2.88116784181746
0.291818872445468,2.8688892532909
0.296163784261293,2.85689521194119
0.300399746771204,2.84519581597171
0.304524132100197,2.83380072077482
0.308534552707125,2.82271914060291
0.31242885368726,2.81195985170815
0.316205104041494,2.80153119678272
0.319861587059705,2.79144109053242
0.323396789963941,2.78169702621925
0.326809392953487,2.77230608301433
0.330098257788719,2.7632749340089
0.333262416044343,2.75460985473986
0.336301057155357,2.74631673209547
0.339213516371153,2.73840107347625
0.341999262724822,2.73086801609728
0.34465788711615,2.72372233632753
0.347189090598145,2.71696845897295
0.349592672948428,2.7106104664197
0.351868521598511,2.70465210756373
0.354016600985984,2.69909680646199
0.356036942387085,2.69394767064927
0.357929634279947,2.68920749907263
0.359694813282215,2.68487878960236
0.36133265570051,2.68096374608559
0.362843369723623,2.67746428491395
0.364227188286128,2.67438204108253
0.365484362624432,2.67171837372175
0.366615156543054,2.66947437108787
0.367619841405089,2.66765085500164
0.368498691857394,2.66624838472732
0.369251982297928,2.66526726028738
0.369879984089861,2.6647075252101
0.37038296352453,2.66456896870964
0.370761180532967,2.66485112729956
0.371014888143513,2.66555328584259
0.37114433268099,2.66667447804088
0.371149754700847,2.66821348637205
0.371031390649753,2.67016884147822
0.370789475242055,2.67253882101611
0.370424244539467,2.67532144797827
0.369935939719184,2.67851448849678
0.369324811513257,2.68211544914299
0.368591125299608,2.6861215737388
0.367735166822292,2.69052983969755
0.366757248515704,2.69533695391523
0.365657716404146,2.70053934823605
0.364436957544689,2.70613317451994
0.363095407977377,2.71211429934343
0.361633561142704,2.71847829837003
0.360051976721804,2.725220450431
0.358351289849986,2.73233573136282
0.356532220649169,2.73981880765352
0.354595584019408,2.74766402995628
0.352542299624102,2.75586542653516
0.350373401997709,2.76441669671505
0.348090050698946,2.77331120441459
0.345693540426541,2.78254197184863
0.343185311008834,2.79210167349347
0.340566957172942,2.80198263041566
0.337840237993988,2.8121768050717
0.335007085920159,2.82267579669208
0.332069615265377,2.83347083736908
0.32903013005817,2.84455278897164
0.325891131133265,2.85591214101452
0.322655322351605,2.86753900961051
0.319325615835116,2.87942313763457
0.315905136104867,2.89155389622726
0.312397223015401,2.90392028776032
0.308805433384117,2.91651095038128
0.305133541222858,2.92931416424459
0.301385536489231,2.94231785952545
0.297565622287883,2.95550962629755
0.293678210466746,2.96887672633943
0.289727915570227,2.98240610691377
0.285719547130151,2.99608441654212
0.281658100295811,3.00989802277305
0.277548744826397,3.02383303191559
0.27339681249196,3.03787531068256
0.26920778295249,3.05201050966002
0.264987268208126,3.06622408849089
0.260740995736476,3.08050134263323
0.256474790454822,3.09482743152684
0.25219455566522,3.10918740797763
0.247906253158449,3.12356624854725
0.243615882668071,3.13794888471667
0.239329460877921,3.15232023457798
0.235053000194967,3.16666523479789
0.23079248750422,3.18096887259075
0.226553863123208,3.19521621743779
0.22234300017034,3.20939245229312
0.218165684554393,3.22348290402576
0.214027595781531,3.23747307285989
0.209934288762033,3.25134866059309
0.205891176781679,3.26509559739284
0.201903515782941,3.27870006699594
0.197976390079405,3.29214853016149
0.19411469960362,3.30542774625621
0.190323148764621,3.31852479287958
0.186606236967065,3.33142708346574
0.182968250820018,3.34412238282723
0.179413258040266,3.35659882063369
0.175945103033172,3.3688449028441
0.172567404113839,3.38084952113539
0.169283552313054,3.39260196039148
0.166096711696343,3.40409190433537
0.163009821110592,3.41530943940328
0.160025597261256,3.42624505697221
0.157146539014011,3.43688965406302
0.154374932807934,3.4472345326479
0.151712859062673,3.45727139769621
0.149162199459461,3.46699235409469
0.146724644975179,3.4763899025781
0.144401704549544,3.48545693480475
0.14219471426793,3.49418672770742
0.140104846945895,3.50257293724575
0.138133122006109,3.51060959167981
0.136280415543771,3.51829108447793
0.134547470482581,3.52561216696429
0.132934906729781,3.53256794080405
0.131443231245414,3.53915385041555
0.130072847947778,3.54536567539124
0.128824067383819,3.55119952300089
0.127697116099901,3.55665182084295
0.126692145654888,3.56171930970244
0.125809241223722,3.56639903666685
0.125048429745636,3.57068834854467
0.124409687576746,3.57458488562546
0.123892947612042,3.57808657581416
0.123498105846718,3.58119162916787
0.123225027351278,3.58389853285804
0.123073551639135,3.58620604657711
0.123043497409195,3.58811319840501
0.12313466664955,3.58961928114708
0.123346848091628,3.59072384915245
0.123679820007191,3.59142671561896
0.124133352343353,3.59172795038828
0.124707208193431,3.59162787823284
0.125401144603865,3.59112707763397
0.126214912719823,3.590226380049
0.127148257274366,3.58892686966296
0.128200915428278,3.58722988361915
0.129372614969884,3.58513701272059
0.130663071886455,3.58265010259303
0.132071987321074,3.57977125529783
0.133599043931293,3.57650283138116
0.1352439016684,3.57284745234379
0.137006192998821,3.56880800351286
0.138885517592017,3.56438763729487
0.140881436502292,3.55958977678559
0.14299346587517,3.55441811970957
0.145221070212452,3.54887664265826
0.147563655233792,3.54296960559175
0.150020560376477,3.53670155656487
0.152591050979261,3.5300773366339
0.155274310200374,3.523102084895
0.158069430724301,3.51578124360067
0.160975406316507,3.50812056329478
0.163991123289938,3.5001261079014
0.167115351951798,3.49180425969701
0.170346738103692,3.48316172408981
0.173683794672685,3.4742055341245
0.177124893555003,3.46494305462549
0.180668257757939,3.45538198588654
0.18431195392885,3.44553036681026
0.188053885362866,3.43539657739739
0.191891785582834,3.42498934048249
0.195823212586081,3.41431772261118
0.199845543852544,3.403391133953
0.203955972207562,3.3922193271453
0.208151502630048,3.38081239496528
0.212428950092732,3.369180766732
0.216784938515533,3.35733520334581
0.221215900905863,3.345286790881
0.225718080750732,3.33304693265716
0.230287534714875,3.32062733972746
0.234920136686841,3.30804001973568
0.239611583201121,3.29529726411057
0.244357400249107,3.28241163358372
0.24915295147518,3.26939594203693
0.253993447736717,3.25626323870557
0.258873957988606,3.24302678878668
0.263789421434374,3.22970005252209
0.268734660867474,3.21629666284982
0.273704397108266,3.20283040173826
0.27869326442498,3.18931517533871
0.283695826811055,3.17576498811112
0.288706594976964,3.16219391609515
0.293720043902484,3.14861607951347
0.298730630785573,3.1350456149061
0.303732813216873,3.1214966470034
0.308721067404681,3.10798326055035
0.313689906273938,3.09451947229635
0.318633897264668,3.08111920336259
0.323547679660125,3.06779625219313
0.328425981282631,3.05456426828655
0.333263634405531,3.04143672689228
0.338055590742498,3.02842690484036
0.342796935390332,3.0155478576552
0.347482899617973,3.0028123980841
0.352108872412298,2.99023307614958
0.356670410709972,2.97782216081219
0.361163248263712,2.96559162330765
0.365583303110382,2.95355312219914
0.369926683627023,2.9417179901637
0.374189693178804,2.93009722251001
0.37836883337969,2.91870146740532
0.382460806002114,2.90754101777099
0.386462513585879,2.89662580478985
0.390371058808763,2.88596539295436
0.394183742691791,2.87556897657269
0.397898061720816,2.86544537763992
0.401511703972898,2.85560304497405
0.405022544341108,2.84605005451086
0.408428638954847,2.83679411064846
0.411728218894642,2.82784254853028
0.414919683300923,2.81920233715554
0.418001591975471,2.81088008320767
0.42097265757241,2.80288203549348
0.423831737472748,2.79521408989027
0.426577825432936,2.78788179470202
0.42921004309365,2.7808903563316
0.431727631430343,2.77424464518139
0.43412994222202,2.76794920170099
0.436416429609449,2.7620082425069
0.438586641808607,2.75642566650541
0.440640213039713,2.75120506095623
0.442576855726848,2.7463497074207
0.444396353017868,2.74186258754401
0.446098551669212,2.73774638862703
0.447683355335299,2.73400350894833
0.449150718297528,2.73063606280224
0.450500639663447,2.72764588522337
0.451733158062493,2.72503453637255
0.452848346860744,2.72280330556293
0.453846309913473,2.72095321490882
0.454727177870826,2.71948502258322
0.455491105048721,2.71839922567289
0.456138266874053,2.71769606262294
0.456668857910413,2.71737551526524
0.457083090467863,2.71743731042746
0.457381193797722,2.71788092112197
0.457563413870831,2.71870556731564
0.4576300137354,2.71991021628403
0.457581274448143,2.72149358255517
0.457417496570084,2.72345412745033
0.457139002216046,2.72579005823133
0.456746137644465,2.7284993268657
0.456239276371671,2.73157962842378
0.455618822792296,2.73502839912367
0.454885216284778,2.73884281404292
0.4540389357782,2.74301978451816
0.453080504753809,2.74755595525718
0.45201049665152,2.7524477011907
0.45082954064855,2.75769112409461
0.449538327774008,2.76328204901713
0.448137617319821,2.76921602054887
0.44662824350481,2.77548829897788
0.44501112234506,2.78209385637603
0.443287258680003,2.78902737266722
0.441457753299858,2.7962832317325
0.439523810116344,2.80385551761138
0.437486743314874,2.8117380108635
0.435347984422945,2.81992418515871
0.433109089226076,2.8284072041681
0.430771744459655,2.8371799188323
0.428337774202397,2.84623486508675
0.42580914589499,2.85556426212678
0.423187975905946,2.86516001129732
0.420476534565831,2.875013695694
0.417677250591024,2.88511658056238
0.414792714819027,2.89545961458203
0.411825683179284,2.90603343212009
0.408779078826463,2.9168283565361
0.405655993367406,2.92783440461523
0.402459687118416,2.93904129220116
0.399193588336309,2.95043844109207
0.395861291374757,2.96201498725427
0.392466553726795,2.97375979039691
0.389013291924953,2.98566144493916
0.385505576282214,2.99770829238738
0.381947624469744,3.00988843512472
0.378343793940921,3.02218975159963
0.37469857322541,3.03459991288281
0.371016572131685,3.04710640054453
0.367302510911114,3.05969652578671
0.363561208451347,3.07235744974655
0.359797569580876,3.08507620487147
0.356016571579948,3.09783971724909
0.352223250005304,3.11063482976097
0.348422683947023,3.12344832591598
0.344619980844996,3.13626695420776
0.340820260999798,3.14907745283188
0.337028641917942,3.16186657459227
0.333250222634452,3.17462111182246
0.329490068156302,3.18732792114685
0.325753194168572,3.19997394790879
0.322044552141092,3.21254625009758
0.318369014967157,3.22503202161382
0.314731363257527,3.23741861472244
0.311136272402804,3.24969356155545
0.307588300505515,3.2618445945401
0.304091877270164,3.27385966564423
0.300651293925403,3.28572696434744
0.297270694237785,3.2974349342644
0.293954066661354,3.3089722883647
0.290705237652234,3.32032802275173
0.287527866162431,3.33149142898111
0.284425439312686,3.34245210491567
0.281401269230606,3.35319996413073
0.278458491027635,3.36372524389782
0.275600061876949,3.37401851178855
0.272828761144065,3.38407067095241
0.270147191513073,3.3938729641323
0.267557781043862,3.40341697649022
0.265062786089583,3.4126946373225
0.262664294998818,3.42169822074919
0.260364232523505,3.43042034546557
0.258164364851445,3.43885397364654
0.256066305181184,3.44699240909473
0.254071519757064,3.45482929472344
0.252181334283149,3.46235860946358
0.250396940636504,3.46957466468178
0.248719403802717,3.47647210019336
0.247149668959577,3.48304587995032
0.245688568638296,3.48929128748018
0.244336829895489,3.49520392114679
0.243095081433234,3.50077968929955
0.241963860608783,3.50601480537239
0.240943620279872,3.51090578298874
0.240034735435967,3.51544943112392
0.239237509570153,3.5196428493712
0.238552180750659,3.52348342335336
0.237978927355202,3.52696882031658
0.237517873435394,3.53009698493956
0.237169093682312,3.53286613538621
0.236932617968104,3.53527475962682
0.236808435441993,3.5373216120485
0.236796498162473,3.53900571037269
0.236896724250645,3.54032633289408
0.237109000552722,3.54128301605251
0.237433184802596,3.54187555234645
0.237869107278152,3.5421039885943
0.238416571947628,3.54196862454708
0.239075357104914,3.54147001185384
0.239845215495108,3.54060895337889
0.240725873934103,3.53938650286768
0.24171703242835,3.5378039649561
0.24281836280331,3.53586289551566
0.244029506851476,3.5335651023251
0.245350074013268,3.53091264605632
0.246779638606493,3.52790784156076
0.248317736622624,3.52455325943944
0.249963862110625,3.52085172787767
0.251717463171773,3.51680633472281
0.25357793759157,3.51242042978037
0.255544628137686,3.50769762730131
0.257616817555761,3.50264180862978
0.259793723297812,3.49725712497782
0.262074492021078,3.49154800028989
0.264458193898159,3.48551913415678
0.266943816782428,3.47917550473491
0.26953026027577,3.4725223716234
0.27221632974875,3.46556527864788
0.275000730366251,3.45831005649621
0.277882061174455,3.45076282514816
0.280858809307642,3.44292999603758
0.283929344375613,3.43481827388291
0.287091913094597,3.42643465811901
0.290344634226076,3.41778644386117
0.293685493889089,3.40888122233063
0.297112341312133,3.39972688066979
0.300622885090666,3.39033160107506
0.304214690015393,3.38070385917607
0.307885174534868,3.37085242159112
0.311631608913446,3.36078634259181
0.315451114142158,3.35051495981307
0.319340661655683,3.3400478889499
0.323297073903152,3.32939501738821
0.327317025814095,3.31856649672428
0.331397047193404,3.30757273413622
0.335533526070802,3.29642438258021
0.339722713021024,3.28513232979538
0.343960726460836,3.27370768611299
0.348243558918276,3.26216177107812
0.352567084258191,3.25050609890566
0.356927065836542,3.23875236280613
0.361319165544142,3.22691241823106
0.365738953688754,3.21499826510148
0.370181919653066,3.20302202909707
0.374643483255095,3.19099594209655
0.379119006727454,3.17893232187213
0.38360380722272,3.16684355115194
0.388093169744159,3.15474205617397
0.392582360394516,3.14264028486319
0.397066639830503,3.13055068476933
0.401541276807313,3.11848568090718
0.406001561695868,3.10645765364298
0.410442819855795,3.09447891677031
0.414860424749117,3.08256169591641
0.419249810683518,3.0707181074153
0.423606485079496,3.05896013777724
0.4279260401628,3.04729962387603
0.432204163991961,3.03574823396491
0.436436650740354,3.02431744962065
0.440619410162833,3.01301854870261
0.444748476188297,3.00186258939987
0.448820014591389,2.9908603954253
0.452830329708601,2.98002254240129
0.456775870176147,2.96935934546709
0.460653233678873,2.95888084812384
0.464459170710938,2.94859681231965
0.468190587359896,2.93851670976419
0.471844547135951,2.92864971445055
0.475418271877417,2.91900469635101
0.47890914177176,2.90959021624393
0.482314694538822,2.90041452162045
0.485632623829079,2.89148554361271
0.488860776894877,2.88281089487935
0.491997151596669,2.8743978683798
0.495039892809277,2.86625343696529
0.497987288295254,2.85838425371271
0.500837764113534,2.85079665292614
0.503589879631829,2.84349665173102
