0,4.67904290377066
0,4.68104290377066
9.53231469372133e-06,4.68230507402361
2.72887731268059e-05,4.68283051877416
5.2507002900398e-05,4.68262033960119
8.49676265881759e-05,4.6816756362272
0.000124991411299489,4.67999750671859
0.000173436375228713,4.6775870470918
0.000231694848884637,4.67444535034067
0.000301690482577716,4.67057350490134
0.000385875185646341,4.66597259257174
0.000487225976811798,4.66064368590401
0.00060924171894577,4.65458784508994
0.000755939705386354,4.64780611436146
0.00093185205871066,4.64029951793161
0.0011420218965133,4.63206905550494
0.00139199921218507,4.62311569739117
0.00168783641185253,4.61344037926206
0.00203608344142589,4.60304399659827
0.00244378242998834,4.59192739888204
0.00291846176740133,4.58009138360133
0.00346812952482958,4.56753669014328
0.00410126611671639,4.55426399366835
0.00482681609134522,4.54027389907298
0.00565417892426553,4.52556693516631
0.00659319867426794,4.51014354920812
0.00765415234497212,4.49400410197846
0.00884773677611894,4.47714886357699
0.0101850538669968,4.45957801018031
0.0116775939097219,4.44129162202068
0.0133372167819677,4.42228968288809
0.0151761307168318,4.40257208150196
0.0172068683314914,4.38213861514767
0.0194422595558158,4.36098899602825
0.0218954010569276,4.33912286084241
0.0245796217056925,4.31653978416794
0.0275084435762788,4.2932392963036
0.0306955379105021,4.26922090630363
0.0341546754152014,4.24448413102598
0.0378996701943675,4.21902853110849
0.041944316549689,4.19285375488332
0.0463023178159147,4.16595959133874
0.0509872063341913,4.13834603333355
0.0560122536118229,4.11001335235895
0.0613903696767128,4.08096218621842
0.0671339906169541,4.05119364104885
0.0732549533106899,4.02070940912308
0.0797643564110623,3.98951190384096
0.0866724067711924,3.95760441321192
0.0939882506929668,3.92499127293537
0.101719789682015,3.89167805986713
0.109873480812888,3.85767180619093
0.118454122377386,3.82298123396026
0.127464626228561,3.78761700880517
0.136905779162288,3.75159201048309
0.14677599680833,3.71492161657286
0.157071074829853,3.67762399396689
0.167783943729535,3.63972039093179
0.178904435177689,3.60123542044631
0.190419069422077,3.56219732339655
0.202310874876816,3.52263819817768
0.214559252241394,3.48259418154378
0.227139896254277,3.44210556443844
0.240024788200556,3.40121682633785
0.253182271335917,3.35997657265144
0.266577219270936,3.31843736220483
0.280171303982996,3.27665541591248
0.293923365530517,3.23469020339057
0.3077898799544,3.19260391119309
0.32172551567193,3.15046080406047
0.335683762470327,3.10832649832119
0.349617611662658,3.06626717352039
0.363480261750385,3.02434875360584
0.377225821602499,2.98263609186733
0.390809983047047,2.94119219387826
0.404190636922029,2.90007750988292
0.417328410788999,2.85934932275763
0.430187112156879,2.81906125052622
0.442734067517422,2.77926287430655
0.454940354038635,2.73999949442484
0.466780926754891,2.70131201007159
0.478234649048864,2.66323691188311
0.489284237860752,2.62580637254978
0.499916137306513,2.58904841804459
0.510120335329752,2.55298716119283
0.519890137858281,2.51764307977949
0.52922191395292,2.48303332286257
0.538114823900645,2.44917203106788
0.54657054037,2.41607065906238
0.554592970821571,2.38373829088154
0.5621879875048,2.35218194113395
0.569363169676707,2.32140683720596
0.576127561205904,2.29141667937748
0.582491445498951,2.26221387722045
0.588466138703087,2.23379976179518
0.594063801380979,2.20617477401756
0.599297268291791,2.17933863018246
0.604179895517503,2.15329046603787
0.608725423912972,2.128028961052
0.612947857704074,2.10355244463915
0.616861356985088,2.07985898614104
0.620480142853145,2.05694647032586
0.62381841394655,2.03481266008763
0.626890273211385,2.01345524792122
0.629709663796282,1.99287189762474
0.632290313060649,1.97306027755104
0.634645683770911,1.95401808659973
0.636788931648506,1.93574307401455
0.638732868519391,1.91823305393191
0.640489930396034,1.90148591551508
0.642072149898026,1.88549962940698
0.643491132486221,1.87027225114263
0.644758036047367,1.85580192207898
0.645883553421868,1.8420868683264
0.646877897516767,1.82912539809985
0.647750788689803,1.81691589785017
0.648511444128949,1.80545682748418
0.649168568985591,1.79474671493757
0.649730349049183,1.78478415032514
0.650204444777039,1.77556777985809
0.65059798651565,1.7670962996884
0.650917570769708,1.7593684498138
0.651169257392507,1.75238300815423
0.651358567586762,1.74613878489079
0.651490482618531,1.74063461714132
0.651569443159145,1.73586936403169
0.651599349181022,1.73184190220964
0.651583560343222,1.72855112183659
0.651524896811771,1.72599592308383
0.651425640468294,1.7241752131514
0.651287536468449,1.72308790382082
0.651111795119206,1.72273290954719
0.650899094051258,1.72310914609059
0.650649580669782,1.72421552968228
0.650362874873586,1.72605097671678
0.650038072039334,1.72861440395711
0.649673746274114,1.73190472923643
0.649267953946208,1.73592087263555
0.648818237510494,1.7406617581116
0.648321629651609,1.74612631554887
0.647774657774772,1.75231348319789
0.647173348881214,1.7592222104634
0.646513234872387,1.76685146099567
0.645789358334765,1.77520021603258
0.644996278865102,1.78426747793171
0.64412808000461,1.79405227382233
0.6431783768598,1.80455365929666
0.642140324497812,1.81577072204754
0.641006627215107,1.8277025853456
0.63976954879057,1.84034841123347
0.638420923847569,1.85370740329658
0.636952170464552,1.86777880884976
0.635354304190504,1.88256192035634
0.633617953640302,1.89805607587047
0.63173337786591,1.91426065826519
0.62969048572263,1.93117509297627
0.627478857475554,1.94879884395664
0.625087768920004,1.96713140749653
0.62250621832135,1.9861723035212
0.619722956514134,2.00592106393035
0.616726520537823,2.02637721749139
0.613505271226671,2.04754027074325
0.610047435213515,2.06940968430723
0.60634115185133,2.09198484393899
0.602374525600888,2.11526502559102
0.598135684476419,2.13924935368946
0.593612845181747,2.16393675176588
0.588794385604058,2.1893258845262
0.583668925357661,2.21541509038975
0.578225415081041,2.24220230349709
0.572453235181117,2.26968496417343
0.566342304681611,2.29785991685328
0.559883200758645,2.32672329453407
0.553067289425638,2.35627038894381
0.545886867648914,2.38649550579795
0.538335316921696,2.4173918047992
0.530407267982887,2.44895112442264
0.522098775924039,2.48116379204467
0.513407504370421,2.51401842063771
0.504332916741011,2.54750169407681
0.494876471784817,2.58159814409584
0.485041819664203,2.61628992308524
0.474834993830735,2.65155657821688
0.464264592854463,2.68737483376925
0.453341945284342,2.72371838993387
0.4420812496213,2.7605577477048
0.430499680686173,2.797860070549
0.41861745319342,2.83558909425741
0.406457833340635,2.87370509650201
0.394047089832451,2.91216493698889
0.381414377089846,2.95092217755033
0.368591545516302,2.98992728896977
0.355612876589163,3.02912794779062
0.342514744109211,3.06846942195455
0.329335206958759,3.10789503911919
0.316113542874117,3.1473467263182
0.302889736647042,3.18676560474063
0.289703939422728,3.22609261934516
0.27659591798673,3.26526918026404
0.26360451385533,3.30423779184006
0.250767131475683,3.34294264583548
0.238119272948139,3.38133015779003
0.225694133614394,3.41934942940729
0.213522268953381,3.45695262477035
0.201631338907828,3.4940952535928
0.19004593145262,3.53073636005958
0.178787463284805,3.56683862063258
0.167874152243593,3.60236835814483
0.157321053621348,3.63729548238951
0.147140150953382,3.6715933691795
0.13734049112915,3.70523869058352
0.127928353635062,3.73821120889617
0.118907444265571,3.77049354607608
0.110279104559102,3.80207093910373
0.102042529372344,3.83293099016782
0.0941949862668318,3.86306341895304
0.0867320316408804,3.89245982270154
0.0796477197233645,3.92111344824208
0.0729348016062895,3.94901897887946
0.0665849124062425,3.97617233793585
0.0605887454035234,4.00257050983852
0.0549362126171509,4.02821137894436
0.0496165917468184,4.05309358575968
0.0446186597661839,4.07721639983113
0.0399308137041006,4.1005796083232
0.0355411793197559,4.12318341913763
0.0314377084810431,4.14502837734628
0.0276082661077308,4.1661152936843
0.0240407075548354,4.18644518386777
0.020722947297538,4.2060192175478
0.0176430197455135,4.22483867577969
0.0147891329683371,4.24290491596476
0.0121497160598388,4.26021934330736
0.0097134608117569,4.27678338791556
0.00746935830862039,4.29259848675935
0.00540673099844888,4.30766606978149
0.00351526073896301,4.32198754953306
0.00178501326738608,4.33556431377682
0.00020645949408056,4.34839772056723
-0.00122950602359222,4.36048909537538
-0.00253154911065983,4.37183972988097
-0.00370788222662648,4.38245088210186
-0.00476625269202864,4.39232377757514
-0.0057139326701393,4.40145961134199
-0.00655771071030677,4.40985955052321
-0.00730388468241546,4.41752473730235
-0.00795825595245798,4.42445629216046
-0.00852612466750255,4.43065531723005
-0.00901228603470156,4.43612289965677
-0.00942102749367342,4.44086011487592
-0.0097561266948326,4.44486802972675
-0.0100208502082545,4.44814770534225
-0.0102179528986312,4.45070019976457
-0.010349677911971,4.45252657024736
-0.0104177572290663,4.4536278752166
-0.0104234127495376,4.4540051758702
-0.010367357878568,4.453659537405
-0.010249799596379,4.45259202986721
-0.0100704409981643,4.45080372862949
-0.00982848429966538,4.44829571450439
-0.00952263431093491,4.44506907351066
-0.0091511023881578,4.44112489631523
-0.00871161088076206,4.43646427738057
-0.00820139809852547,4.43108831385378
-0.00761722383104703,4.42499810424156
-0.00695537545988321,4.4181947469227
-0.00621167471193383,4.41067933855861
-0.00538148511139362,4.4024529724721
-0.00445972019686209,4.39351673707459
-0.00344085258013437,4.38387171443437
-0.00231892393389526,4.37351897909085
-0.00108755600713098,4.36245959723469
0.000260037220310353,4.35069462638971
0.00173103611880368,4.33822511575041
0.00333300058540023,4.32505210734901
0.00507385365887077,4.31117663824796
0.0069618633985035,4.2965997439784
0.00900562283209922,4.28132246347201
0.0112140277571393,4.26534584576301
0.0135962521558493,4.2486709587696
0.0161617209598646,4.23129890049876
0.0189200798735253,4.21323081305589
0.021881161936706,4.19446789988076
0.0250549504788736,4.17501144667338
0.0284515380863326,4.15486284651662
0.0320810811751421,4.13402362974712
0.0359537497340967,4.1124954991692
0.0400796717769249,4.09028037124836
0.0444688720224451,4.06738042395758
0.0491312043083337,4.04379815197937
0.0540762772415869,4.01953642998469
0.0593133726006343,3.99459858471196
0.0648513560351812,3.96898847654997
0.070698579665937,3.94271059127918
0.0768627762740883,3.91577014253982
0.0833509448972761,3.88817318546113
0.0901692278232362,3.85992674169382
0.0973227792029314,3.83103893582596
0.104815625800603,3.80151914281815
0.112650520766508,3.77137814565665
0.120828791765046,3.74062830188423
0.129350185318834,3.70928371702201
0.138212709835334,3.67736042214431
0.147412480456311,3.64487655202188
0.156943569591905,3.61185251933121
0.166797867738096,3.57831117947612
0.176964959883174,3.54427797964048
0.187432023425098,3.50978108486171
0.198183753973683,3.47485147327821
0.209202325615631,3.4395229923678
0.220467392089319,3.40383236807087
0.231956134768824,3.36781915928916
0.24364336233052,3.33152565145238
0.255501665441335,3.29499668469191
0.267501627782952,3.25827941463681
0.279612092285874,3.22142300685955
0.291800478728272,3.18447826937588
0.304033146050261,3.14749723109874
0.316275790078911,3.11053267746241
0.328493865101937,3.07363765725029
0.340653016099529,3.03686497668429
0.352719507623315,3.000266697837
0.364660635397295,2.96389365828678
0.376445107708466,2.92779502765429
0.38804338545664,2.89201791436596
0.399427972160943,2.85660703292479
0.410573648035936,2.82160443843868
0.421457645192579,2.78704933149543
0.432059763841675,2.7529779329934
0.442362431875513,2.71942342549405
0.452350712233603,2.68641595523017
0.462012263944799,2.65398268717094
0.471337263668116,2.62214790451646
0.48031829496759,2.59093314361188
0.488950212527929,2.56035735543107
0.497229988142577,2.53043708535671
0.505156544684365,2.50118666384727
0.512730583495643,2.47261840161193
0.519954409791044,2.44474278401001
0.526831759816604,2.41756866047303
0.533367632701378,2.39110342575808
0.539568129203224,2.36535319074597
0.545440298906866,2.34032294127666
0.550991996886673,2.31601668416425
0.556231750397815,2.29243758005691
0.561168635801496,2.26958806321474
0.565812165653368,2.24746994858477
0.570172185678259,2.2260845267704
0.574258781207657,2.20543264764044
0.57808219255844,2.18551479341141
0.581652738772164,2.16633114208112
0.584980749105383,2.14788162210091
0.588076501655457,2.13016595915828
0.59095016851725,2.11318371590774
0.593611766888822,2.0969343254422
0.596071115574927,2.08141711924413
0.598337796372697,2.06663135029857
0.600421119861986,2.05257621199215
0.60233009516175,2.03925085336464
0.604073403252297,2.02665439122394
0.60565937350036,2.01478591958264
0.607095963059219,2.00364451682506
0.6083907388491,1.99322925096759
0.609550861853707,1.98353918333327
0.610583073496936,1.97457337092314
0.611493683889596,1.96633086773183
0.61228856175945,1.95881072522354
0.612973125899249,1.95201199215589
0.613552337986796,1.94593371391371
0.614030696648646,1.94057493149188
0.614412232655039,1.93593468024555
0.614700505148158,1.9320119885079
0.614898598819133,1.9288058761586
0.615009121961358,1.92631535321151
0.615034205338982,1.92453941847634
0.61497550181987,1.92347705833702
0.61483418673214,1.92312724567779
0.614610958912625,1.92348893897804
0.614306042424459,1.92456108158702
0.613919188929456,1.92634260118015
0.613449680709227,1.92883240939014
0.612896334337109,1.93202940159699
0.612257505011038,1.93593245685287
0.611531091565612,1.94054043790857
0.610714542189778,1.94585219129979
0.609804860885019,1.95186654744171
0.608798614707565,1.95858232067098
0.607691941847242,1.96599830916317
0.606480560605052,1.97411329464295
0.605159779341621,1.98292604179189
0.603724507479358,1.99243529724521
0.602169267652512,2.00263978805499
0.600488209111569,2.01353821948098
0.598675122501485,2.02512927195343
0.596723456147331,2.03741159703319
0.594626333995973,2.05038381217463
0.592376575378573,2.06404449407406
0.589966716775851,2.07839217036352
0.587389035786279,2.09342530938341
0.58463557751648,2.10914230774128
0.581698183632975,2.1255414753348
0.57856852433476,2.14262101748783
0.575238133526537,2.16037901381785
0.571698447492346,2.17881339342255
0.567940847387894,2.19792190594372
0.563956705886239,2.21770208803878
0.559737438324177,2.23815122476587
0.55527455870423,2.25926630536944
0.550559740907337,2.28104397294237
0.545584885461799,2.30348046744019
0.540342192191687,2.32657156153773
0.534824239029175,2.35031248885205
0.529024067216033,2.3746978641135
0.522935273035168,2.39972159495531
0.516552106098418,2.42537678511738
0.509869574066542,2.45165562903006
0.502883553485936,2.4785492979647
0.495590906189169,2.50604781821828
0.487989600418769,2.5341399421442
0.48007883549361,2.56281301325483
0.471859168444991,2.59205282710531
0.463332640609354,2.62184349021675
0.454502901685775,2.652167279902
0.445375328264684,2.68300450849864
0.435957133332972,2.7143333961644
0.42625746279143,2.74612995701017
0.416287474623471,2.7783679038849
0.406060396076945,2.81101857752428
0.395591554116342,2.84405090596355
0.384898374524796,2.87743140002346
0.374000345433325,2.91112419024253
0.362918941766213,2.94509110979815
0.35167750813413,2.97929182670738
0.34030109907029,3.01368402693615
0.328816277146105,3.04822364802533
0.317250871341111,3.0828651605653
0.305633699963028,3.11756189246029
0.293994264276796,3.15226638860112
0.282362420652526,3.18693079650481
0.270768040332447,3.22150726687277
0.259240666720899,3.25594835702586
0.247809180335908,3.29020742489863
0.236501481196544,3.32423900175336
0.225344197487151,3.35799913296517
0.214362427923201,3.39144567802114
0.203579523472953,3.42453856310149
0.193016912119504,3.45723998207039
0.182693968339989,3.4895145441933
0.17262792708059,3.52132936922931
0.162833840337426,3.55265413257333
0.153324573097077,3.58346106474233
0.144110834389623,3.61372491066448
0.135201238567489,3.64342285493739
0.126602391621024,3.67253441950858
0.118318997330828,3.70104134015983
0.110353978279443,3.72892742782433
0.102708607139318,3.75617842021125
0.0953826441603374,3.78278182853313
0.088374477346198,3.8087267833922
0.0816812623913286,3.83400388313668
0.0752990600158421,3.85860504728569
0.0692229688620071,3.88252337697
0.0634472525874141,3.90575302375993
0.0579654601999688,3.92828906775963
0.0527705390261517,3.95012740543812
0.0478549399886659,3.97126464733861
0.0432107150972545,3.99169802555012
0.0388296072332247,4.01142531063231
0.0347031324408496,4.03044473754478
0.0308226550341883,4.04875494003759
0.027179455892492,4.066354892902
0.0237647943572036,4.083243861451
0.0205699641638538,4.09942135759285
0.0175863438474298,4.11488710187006
0.0148054420538133,4.12964099085854
0.0122189381757828,4.14368306935177
0.00981871871234148,4.15701350679018
0.00759690972677141,4.16963257743465
0.00554590575334416,4.18154064382307
0.00365839547622783,4.19273814308853
0.0019273844776639,4.20322557575694
0.000346215326576154,4.21300349667927
-0.00109141474616411,4.22207250778898
-0.00239143836328333,4.23043325240869
-0.00355940450721577,4.23808641086081
-0.0046004668373496,4.24503269716578
-0.0055193736583207,4.25127285663746
-0.00632045939717521,4.25680766420984
-0.00700763746377136,4.26163792335086
-0.00758439438407934,4.26576446543948
-0.00805378511017055,4.26918814950065
-0.00841842942378114,4.27190986220955
-0.00868050936250499,4.27393051809196
-0.00884176760903442,4.27525105986188
-0.00890350679453595,4.2758724588508
-0.00886658967733152,4.27579571549524
-0.00873144016765698,4.27502185986063
-0.00849804517848812,4.27355195219095
-0.00816595729135379,4.27138708348375
-0.00773429823478654,4.26852837610073
