0,5.02697851968287
0,5.02897851968287
-7.28748211413553e-05,5.03025967890196
-0.000219680832359897,5.03082318128423
-0.000440982018150377,5.03067019735379
-0.000736853796111695,5.02980188378644
-0.00110688623553899,5.02821938271837
-0.00155018667386577,5.02592382080932
-0.0020653817356094,5.02291630806963
-0.00265061876621868,5.01919793645245
-0.00330356670078296,5.01476977820479
-0.00402141639486413,5.00963288396382
-0.00480088045168698,5.00378828057823
-0.00563819258651046,4.99723696862848
-0.00652910657515114,4.98997991961473
-0.00746889483930128,4.982018072777
-0.0084523467264505,4.9733523315092
-0.00947376654686955,4.96398355932642
-0.0105269714342512,4.95391257534446
-0.0116052891002481,4.94314014923077
-0.0127015555563428,4.9316669955884
-0.0138081128792947,4.91949376773729
-0.0149168070989214,4.90662105086287
-0.0160189862892998,4.8930493545076
-0.0171054989467601,4.87877910438966
-0.0181666927404645,4.86381063354248
-0.0191924137241194,4.8481441727802
-0.0201720061007018,4.83177984050761
-0.0210943126362686,4.8147176319081
-0.0219476758242765,4.79695740756072
-0.0227199399087262,4.77849888155677
-0.0233984538832701,4.75934160920853
-0.0239700755946318,4.73948497446761
-0.0244211770927841,4.71892817719829
-0.0247376513878935,4.69767022048292
-0.0249049207956606,4.67570989817214
-0.0249079470790795,4.65304578293341
-0.0247312436265358,4.62967621509734
-0.0243588899443989,4.60559929265422
-0.0237745487877265,4.58081286281366
-0.0229614863063508,4.55531451560936
-0.0219025956464701,4.52910158011075
-0.0205804245209851,4.50217112389466
-0.0189772073462586,4.47451995653509
-0.0170749026397588,4.44614463798924
-0.014855236483074,4.41704149289488
-0.0122997529787214,4.38720663194981
-0.00938987276730543,4.35663598171897
-0.00610696082354919,4.32532532441053
-0.00243240491427414,4.29327034937747
0.0016522937240855,4.26046671833463
0.00616541575088152,4.22691014652897
0.0111249032136922,4.19259650235501
0.0165482210858614,4.1575219281577
0.0224521986285388,4.12168298519331
0.0288528482664242,4.08507682590131
0.0357651596529765,4.04770139674245
0.0432028667012331,4.00955567483508
0.051178185617676,3.97063994141336
0.0597015224566825,3.93095609466476
0.0687811494804297,3.89050800368973
0.0784228507404764,3.84930190406202
0.0886295388728276,3.80734683364553
0.0994008471925237,3.76465510483521
0.110732703840848,3.72124280615492
0.122616897990995,3.6771303221281
0.135040651900599,3.63234285559049
0.147986216754874,3.58691093131678
0.161430514481471,3.54087085433789
0.175344851588188,3.49426509119328
0.189694733965688,3.44714253837029
0.204439812766837,3.39955864028722
0.219533990131073,3.35157532041049
0.234925708966453,3.30326069438545
0.250558442812228,3.25468854398166
0.266371390042551,3.20593754516134
0.28230036204413,3.15709026179379
0.298278838912204,3.10823193666868
0.314239150643791,3.05944913096151
0.330113729018412,3.01082827928197
0.345836367417523,2.96245423723295
0.361343424156998,2.91440890023924
0.376574909882391,2.86676996581348
0.391475410453889,2.81960989743706
0.405994811805696,2.77299512910775
0.420088810218232,2.72698552830468
0.433719207951304,2.68163411463601
0.446854008316947,2.63698701419352
0.459467334781409,2.59308361714612
0.471539205111282,2.54995689885509
0.483055194127115,2.50763386242752
0.494006017969802,2.4661360622056
0.504387069816129,2.42548017203065
0.514197932616004,2.38567856803526
0.523441889461951,2.34673990220108
0.532125447249713,2.30866964922457
0.540257884753294,2.27147061488097
0.547850832344224,2.23514339881919
0.554917887419353,2.19968680848492
0.561474267152944,2.16509822370129
0.567536498387999,2.1313739134458
0.573122143230547,2.09850930769167
0.578249558103485,2.06649922797318
0.582937683552702,2.03533808072234
0.587205861889469,2.00502001752109
0.591073679725505,1.97553906631111
0.594560832552307,1.94688923737466
0.597687008689027,1.91906460759786
0.600471790139986,1.89205938619077
0.602934568139844,1.86586796469387
0.605094471404806,1.84048495376492
0.606970305341185,1.81590520892524
0.608580500681247,1.79212384715492
0.609943070216827,1.76913625596668
0.611075572481971,1.74693809635612
0.611995081396529,1.72552530082305
0.612718161023902,1.70489406748088
0.613260844719102,1.6850408511166
0.613638618049554,1.66596235193145
0.613866404962151,1.64765550257702
0.613958556747719,1.63011745400336
0.613928843419834,1.61334556055105
0.613790447180313,1.59733736464619
0.613555957690223,1.58209058139529
0.613237368903952,1.56760308332307
0.612846077256174,1.55387288545047
0.612392881018206,1.54089813087028
0.611887980662354,1.52867707694405
0.611340980091082,1.51720808221441
0.610760888602972,1.50648959410238
0.610156123480015,1.49652013743729
0.609534513091371,1.48729830384941
0.608903300417752,1.47882274203976
0.608269146908416,1.47109214892899
0.607638136589742,1.46410526167698
0.607015780350752,1.4578608505563
0.606407020336908,1.45235771265653
0.605816234389322,1.44759466639149
0.60524724047221,1.44357054677847
0.604703301037133,1.44028420145667
0.604187127278362,1.43773448741142
0.603700883239633,1.43592026837132
0.603246189738623,1.43484041284686
0.602824128081657,1.43449379278109
0.602435243547518,1.43487928278575
0.602079548625624,1.43599575993961
0.601756526000366,1.43784210412891
0.601465131279874,1.44041719891397
0.601203795474002,1.44371993290924
0.600970427232737,1.44774920166792
0.600762414862563,1.45250391006534
0.600576628144484,1.45798297517842
0.600409419983443,1.46418532966029
0.600256627924668,1.47110992561153
0.600113575578126,1.47875573894955
0.599975073997699,1.48712177427809
0.599835423066984,1.4962070702575
0.599688412948754,1.50601070547421
0.599527325660255,1.51653180480437
0.599344936841608,1.52776954626174
0.599133517789868,1.53972316831381
0.598884837836829,1.5523919776421
0.598590167154632,1.56577535731313
0.598240280079833,1.57987277531524
0.597825459054047,1.59468379340312
0.597335499287848,1.61020807617639
0.596759714264583,1.62644540030065
0.596086942212457,1.64339566375925
0.595305553687089,1.66105889500036
0.594403460423036,1.6794352618174
0.593368125632153,1.69852507977087
0.592186575949365,1.71832881992483
0.590845415253272,1.73884711563241
0.589330840620305,1.76008076806051
0.587628660707731,1.78203075009304
0.585724316903127,1.80469820819514
0.583602907626765,1.82808446175586
0.581249216229204,1.85219099935335
0.578647742989956,1.87701947130363
0.575782741794741,1.90257167776086
0.572638262148987,1.92884955153268
0.569198197273894,1.95585513465798
0.565446339128205,1.98359054766691
0.561366441303018,2.01205795030342
0.556942290846767,2.04125949234148
0.552157790190254,2.07119725296888
0.546997050453152,2.10187316705248
0.541444497517626,2.13328893644096
0.535484992343247,2.16544592431666
0.529103967058587,2.19834503048922
0.522287578383561,2.23198654544898
0.5150228798928,2.26636998099177
0.507298014499317,2.30149387531978
0.499102428288621,2.33735557075438
0.490427106430148,2.3739509626126
0.481264831293891,2.41127421845473
0.471610462060964,2.44931746786461
0.461461233993051,2.48807046423942
0.450817074078929,2.52752022179645
0.439680927982422,2.5676506331909
0.428059091077165,2.60844207578792
0.415961533911962,2.64987101770265
0.403402209805795,2.69190963809764
0.390399329596175,2.73452547969909
0.376975586115795,2.77768115474107
0.3631583090936,2.82133412813423
0.348979530281271,2.86543660305148
0.334475939139886,2.90993553374715
0.319688711794425,2.95477278773763
0.304663200460761,2.99988547408518
0.289448477227968,3.04520644634757
0.274096734676121,3.09066497810274
0.258662555694975,3.13618759662711
0.243202075062986,3.18169904754896
0.22777206463325,3.22712335167407
0.212428981094199,3.27238490630445
0.197228019166926,3.31740957859754
0.182222213131836,3.36212573864349
0.167461625683452,3.40646518502341
0.152992655830896,3.45036392493325
0.138857487916447,3.49376278317513
0.125093693111453,3.53660782775659
0.111733984279266,3.57885061282335
0.098806115968427,3.62044825080263
0.0863329142546252,3.66136333405105
0.074332416514836,3.70156373161898
0.0628180989479463,3.74102228907076
0.0517991694352697,3.77971645908821
0.0412809046881365,3.8176278884694
0.0312650130389221,3.8547419837908
0.0217500072137938,3.89104747404635
0.0127315745836586,3.92653598450314
0.00420293543358033,3.96120163217364
-0.00384481746696648,3.99504064991448
-0.0114224023695295,4.02805104332627
-0.0185420575964311,4.06023228237018
-0.0252172771150542,4.09158502790078
-0.031462572506438,4.12211089207613
-0.0372932604103735,4.15181223076752
-0.0427252740056426,4.18069196557178
-0.0477749967683294,4.20875343275543
-0.052459116593201,4.23600025636692
-0.0567944983206149,4.26243624278903
-0.0607980727497367,4.288065294124
-0.0644867403109025,4.3128913379785
-0.0678772876949688,4.3369182714182
-0.0709863158801006,4.36014991707669
-0.0738301781456041,4.38258998961747
-0.0764249268104565,4.40424207095366
-0.0787862675760749,4.42510959282317
-0.0809295204854584,4.44519582549369
-0.0828695866324242,4.46450387153269
-0.0846209198645078,4.48303666372068
-0.0861975028211761,4.5007969663137
-0.0876128267357252,4.51778737897331
-0.0888798745052996,4.53401034278062
-0.0900111065997282,4.5494681478375
-0.0910184494372698,4.56416294203263
-0.0919132859048311,4.57809674061573
-0.092706447742696,4.59127143627957
-0.0934082095501684,4.60368880949847
-0.0940282841995836,4.61535053891456
-0.0945758194726525,4.62625821159943
-0.0950593957557274,4.63641333305077
-0.095487024649929,4.64581733681026
-0.0958661483686917,4.65447159361295
-0.0962036398096271,4.6623774199977
-0.0965058032000962,4.66953608632553
-0.0967783752268632,4.67594882416713
-0.0970265265699832,4.68161683303233
-0.0972548637699118,4.68654128642495
-0.0974674313649213,4.69072333721397
-0.0976677142434481,4.69416412231891
-0.0978586401631185,4.69686476671247
-0.0980425823950177,4.69882638674726
-0.0982213624583619,4.70005009281663
-0.0983962529171823,4.70053699136163
-0.0985679802169638,4.70028818623763
-0.0987367275454437,4.699304779455
-0.0989021377079839,4.69758787130858
-0.0990633160140924,4.69513855991148
-0.0992188331778002,4.69195794014817
-0.0993667282406937,4.6880471020629
-0.0995045115324776,4.68340712869928
-0.0996291676899948,4.67803909340797
-0.0997371587616824,4.6719440566407
-0.099824427430514,4.66512306225045
-0.0998864003946062,4.65757713332039
-0.0999179919508917,4.64930726754764
-0.0999136078336516,4.64031443221216
-0.0998671493663309,4.63059955876685
-0.0997720179920305,4.62016353709157
-0.0996211202554992,4.60900720946218
-0.0994068733174791,4.59713136429528
-0.0991212110910551,4.5845367297412
-0.0987555910994107,4.57122396721063
-0.098301002165325,4.55719366493649
-0.0977479730550956,4.54244633168997
-0.0970865822136148,4.52698239079025
-0.0963064687433696,4.51080217457097
-0.0953968447984949,4.49390591949275
-0.0943465095860471,4.47629376212116
-0.0931438651907448,4.45796573622376
-0.0917769344669434,4.43892177127809
-0.0902333812729472,4.41916169272571
-0.0885005333583214,4.3986852243561
-0.0865654082549897,4.37749199325857
-0.0844147425679095,4.3555815378413
-0.0820350251112224,4.33295331948357
-0.0794125343910687,4.30960673846252
-0.0765333809966208,4.28554115487654
-0.0733835555259307,4.26075591537679
-0.0699489827421278,4.2352503866127
-0.0662155827270137,4.20902399639805
-0.0621693398711857,4.18207628370713
-0.0577963806095352,4.15440695871453
-0.053083060874209,4.12601597419091
-0.0480160642883201,4.09690360965581
-0.0425825121554284,4.06707056975742
-0.0367700863025097,4.03651809838776
-0.0305671657956087,4.00524811003391
-0.0239629784525887,3.97326333979412
-0.0169477679081691,3.94056751332836
-0.00951297672150723,3.90716553773835
-0.00165144563194202,3.87306371395181
0.00664237146161666,3.83826997058407
0.015372177923602,3.80279411843256
0.0245395922287035,3.76664812369281
0.0341438963605977,3.72984639664292
0.0441817792102488,3.69240609091752
0.0546470809389174,3.65434740659545
0.0655305459413964,3.6156938882079
0.0768195937871997,3.57647270653224
0.0884981192062722,3.5367149108247
0.100546333648366,3.49645563618046
0.112940661963775,3.45573424926909
0.125653708077809,3.41459441509942
0.138654302905495,3.37308406805582
0.151907645951497,3.33125527251563
0.165375548918995,3.2891639621022
0.179016785200413,3.2468695520748
0.19278754351203,3.2044344262997
0.206641977536656,3.16192330821556
0.220532836817154,3.11940253348296
0.234412157996444,3.07693924969825
0.248231990561003,3.03460057471594
0.261945128162111,2.99245274893259
0.275505815800492,2.95056031778543
0.28887040480457,2.90898537854361
0.301997931417081,2.86778692048365
0.314850600438226,2.82702028038824
0.327394162060072,2.78673672689177
0.339598176993946,2.74698317850812
0.351436171519818,2.70780205212926
0.362885689609631,2.66923123207983
0.373928253443556,2.63130414487429
0.38454924632059,2.59404992178378
0.394737733226149,2.55749363006818
0.404486234361093,2.5216565539842
0.413790466037288,2.48655650807114
0.422649061803693,2.45220816735244
0.431063284763071,2.41862340161922
0.43903674000516,2.38581160359078
0.446575094093106,2.35378000326354
0.45368580671441,2.32253396302698
0.460377878014014,2.29207725006605
0.466661613794275,2.26241228416175
0.472548409694613,2.23354036025222
0.478050554634361,2.20546184605841
0.483181053186799,2.17817635575255
0.487953466117509,2.15168290110083
0.492381768032381,2.12598002178793
0.496480220908849,2.10106589677189
0.500263262200688,2.07693843855677
0.503745406188803,2.05359537223836
0.506941157278871,2.03103430109624
0.509864934006446,2.00925276039295
0.512531002589483,1.98824826091082
0.514953418958474,1.96801832361971
0.517145978289015,1.94856050673049
0.519122171156187,1.92987242625538
0.52089514552145,1.91195177106998
0.522477673848851,1.89479631335391
0.52388212472711,1.87840391517981
0.525120438446957,1.86277253192298
0.526204106048822,1.84790021307634
0.527144151414788,1.83378510097755
0.527951116030968,1.82042542788564
0.528635046092571,1.80781951178379
0.529205481664468,1.7959657512304
0.529671447645567,1.784862619534
0.530041446316304,1.77450865848574
0.530323451275661,1.76490247184706
0.530524902597677,1.75604271875903
0.530652703058106,1.74792810721187
0.530713215299887,1.74055738768986
0.530712259822007,1.73392934708608
0.530655113690349,1.7280428029635
0.530546509881627,1.72289659822389
0.530390637182706,1.71848959623271
0.530191140577756,1.71482067643689
0.529951122064969,1.71188873050274
0.529673141853168,1.70969265899324
0.529359219896642,1.70823136859655
0.529010837734123,1.70750376991195
0.52862894060506,1.70750877579412
0.528213939823308,1.70824530025198
0.527765715395095,1.70971225789455
0.527283618874784,1.71190856391243
0.526766476458445,1.71483313458009
0.526212592321779,1.71848488826055
0.525619752215375,1.72286274689065
0.524985227336862,1.72796563792105
0.524305778506114,1.73379249668113
0.523577660676447,1.74034226913402
0.522796627821755,1.74761391498163
0.521957938246782,1.75560641107331
0.521056360375374,1.76431875506462
0.520086179079686,1.77374996926436
0.519041202621978,1.78389910459829
0.517914770290057,1.79476524460734
0.516699760817671,1.80634750938507
0.515388601692432,1.81864505934499
0.513973279466328,1.83165709869203
0.512445351197769,1.84538287845357
0.510795957169599,1.85982169890468
0.509015835044827,1.8749729111984
0.507095335641292,1.89083591798502
0.505024440528146,1.90741017277489
0.502792781671379,1.92469517776527
0.500389663382658,1.94269047981501
0.497804086855745,1.96139566420934
0.495024777607925,1.9808103458117
0.492040216180114,2.00093415714935
0.488838672488692,2.02176673292546
0.485408244264388,2.04330769039136
0.481736900058201,2.0655566049499
0.477812527340821,2.0885129802951
0.47362298626903,2.11217621232464
0.46915616973866,2.13654554599304
0.464400070386616,2.16162002420665
0.459342855241146,2.18739842779958
0.453972948746204,2.21387920557808
0.448279124897094,2.24106039338494
0.442250609214373,2.26893952112315
0.435877191243032,2.29751350669926
0.429149348184832,2.32677853591376
0.422058380141681,2.35672992745251
0.414596557254109,2.38736198233741
0.406757278746593,2.41866781749473
0.398535243525312,2.45063918351637
0.389926631498642,2.48326626724487
0.380929294192994,2.51653748052451
0.371542952506957,2.55043923734562
0.361769398583114,2.58495572267078
0.351612697787823,2.62006865746548
0.34107938569892,2.65575706583362
0.330178653853528,2.69199705162903
0.318922516871011,2.72876159339527
0.307325952534259,2.76602036785849
0.295407005606778,2.80373961330972
0.283186845725906,2.84188204488076
0.27068976979702,2.88040683374328
0.257943140066163,2.91926966145159
0.244977250585104,2.95842285885076
0.231825117160811,2.99781563610152
0.218522189072165,3.03739440646133
0.20510598470456,3.07710320167348
0.191615657547008,3.11688417147041
0.17809150336305,3.15667815424361
0.164574423364428,3.19642530090966
0.151105361450244,3.23606572996771
0.137724735642521,3.27554018918413
0.124471884488409,3.31479069859035
0.11138454831327,3.35376115065577
0.0984984028881846,3.39239784647481
0.0858466595836891,3.43064995123924
0.0734597418100504,3.46846985764593
0.0613650429471196,3.50581345163242
0.04958676648915,3.54264028037253
0.0381458451482991,3.57891362732869
0.0270599324411902,3.61460050302191
0.0163434579664096,3.64967156288171
0.00600773618850941,3.68410096506728
-0.00393888199862382,3.71786618161943
-0.0134908254884675,3.75094777589985
-0.0226450968113364,3.78332915822623
-0.0314010523997077,3.81499633014648
-0.0397601767805923,3.84593762611602
-0.0477258568652762,3.87614345961448
-0.0553031611979067,3.90560607908428
-0.0624986278167635,3.93431933757458
-0.0693200633169066,3.96227847867475
-0.0757763547990089,3.98947994023926
-0.0818772956487217,4.01592117653739
-0.0876334255048309,4.04160049879057
-0.0930558843269219,4.06651693356351
-0.0981562801452182,4.09067009812561
-0.102946569846814,4.11406009167092
-0.107438952204647,4.13668740115125
