0,4.87394650482523
0,4.87594650482523
-3.79870475618026e-05,4.87721349321314
-0.000115157126084017,4.87774860512968
-0.000232174009855858,4.87755297218786
-0.000389172649244249,4.87662772270757
-0.000585762249482626,4.87497398143411
-0.000821029039726211,4.87259286875826
-0.00109353873570892,4.86948549945067
-0.00140133870594691,4.86565298091909
-0.00174195985793303,4.8610964109931
-0.00211241826710972,4.85581687523696
-0.00250921657755701,4.84981544378845
-0.00292834520925857,4.8430931677186
-0.00336528341249347,4.8356510749061
-0.00381500021534244,4.82749016541863
-0.00427195531550427,4.81861140639419
-0.00473009997262156,4.80901572641642
-0.00518287796216307,4.79870400938036
-0.00562322665667341,4.78767708784925
-0.00604357830497299,4.77593573590779
-0.00643586158479188,4.76348066152429
-0.006791503509497,4.75031249844222
-0.00710143177519808,4.73643179763216
-0.00735607764080245,4.72183901834643
-0.00754537944077079,4.70653451883341
-0.00765878683868206,4.69051854678409
-0.00768526593955786,4.67379122960217
-0.0076133053905766,4.65635256461044
-0.0074309236137195,4.63820240933007
-0.00712567733046891,4.61934047199709
-0.0066846715584064,4.59976630251167
-0.00609457128295899,4.57947928405137
-0.00534161503518734,4.55847862561978
-0.00441163063901453,4.53676335584818
-0.0032900534293104,4.51433231841989
-0.00196194728645523,4.49118416954642
-0.000412028884106687,4.46731737799209
0.00137530439442537,4.44273022822032
0.00341594234888198,4.41742082732137
0.00572602506582354,4.39138711647924
0.008321900550567,4.36462688784515
0.0112200761101862,4.33713780780731
0.0144371626071876,4.30891744778239
0.0179898105919442,4.27996332380197
0.0218946372038307,4.25027294632697
0.0261681426090027,4.2198438818916
0.0308266146211793,4.18867382835214
0.0358860200368893,4.15676070568689
0.0413618811172976,4.12410276445396
0.0472691355771323,4.09069871414716
0.0536219784136209,4.05654787377927
0.060433683945912,4.0216503470396
0.0677164065650415,3.98600722428672
0.0754809589492203,3.94962081340452
0.0837365669185652,3.91249490112048
0.0924906007326046,3.87463504569927
0.101748283522048,3.836048900917
0.111512378742604,3.79674656982362
0.121782860086156,3.75674098495123
0.132556569210961,3.71604830927971
0.143826868956928,3.67468834941734
0.15558330234912,3.63268496913894
0.167811270553662,3.59006648777202
0.180491745845405,3.54686604416389
0.193601038291571,3.50312190345386
0.207110636869829,3.45887768109766
0.220987146664343,3.41418245713514
0.235192343127646,3.36909075419863
0.249683361710499,3.32366235581976
0.264413036142286,3.27796194762018
0.279330391248147,3.23205857304378
0.294381286734717,3.18602490701503
0.309509197596422,3.1399363643641
0.324656105801622,3.09387007361988
0.339763468071935,3.04790375909429
0.354773217247466,3.00211458329555
0.369628751061231,2.95657800617923
0.384275862750361,2.91136671679395
0.398663572778449,2.86654968657488
0.412744829343274,2.82219138280184
0.426477056097136,2.77835116713616
0.439822537158271,2.73508288956088
0.452748640618983,2.69243467428068
0.465227891213973,2.65044888262597
0.477237909878612,2.60916222961845
0.488761242335842,2.56860602587482
0.499785100730711,2.52880651472636
0.510301042088006,2.48978527525332
0.520304605547347,2.45155966464569
0.52979492750243,2.41414327716765
0.538774350448241,2.37754640137221
0.547248037928422,2.34177646158385
0.555223604761187,2.30683843369651
0.562710768881726,2.2727352288242
0.569721028755649,2.23946804120728
0.576267368408433,2.20703665901981
0.582363990652446,2.1754397383923
0.588026078023307,2.14467504213963
0.593269580197574,2.11473964545409
0.598111026189429,2.08563011127499
0.602567359355226,2.05734263825819
0.60665579311929,2.02987318430632
0.610393685328817,2.00321756853864
0.613798429215394,1.97737155441973
0.616887359058649,1.95233091656094
0.619677668793522,1.92809149348074
0.622186341962012,1.90464922837631
0.624430091572426,1.88200019972993
0.626425308587307,1.86014064335699
0.628188017910626,1.8390669673017
0.629733840883063,1.81877576080372
0.631077963419781,1.79926379839518
0.632235109037742,1.78052804004089
0.633219516119559,1.76256562810629
0.634044918848688,1.7453738818239
0.634724531327416,1.72895028983062
0.635271034455493,1.71329250126181
0.635696565204539,1.69839831581349
0.636012707972451,1.68426567311905
0.636230487744017,1.67089264173076
0.636360364819718,1.65827740794788
0.636412230905108,1.64641826469122
0.636395406378978,1.63531360058781
0.636318638580496,1.6249618893983
0.636190100974167,1.61536167989288
0.636017393067494,1.60651158625863
0.635807540969936,1.59841027910172
0.635566998493727,1.59105647709117
0.635301648707613,1.58444893927715
0.635016805863894,1.57858645810488
0.634717217627613,1.57346785313585
0.634407067544503,1.56909196548024
0.634089977691577,1.56545765293806
0.633769011461099,1.56256378584211
0.63344667643538,1.5604092435919
0.633124927316244,1.55899291186559
0.632805168879382,1.55831368049485
0.632488258930103,1.55837044198727
0.632174511243191,1.55916209067993
0.631863698475779,1.56068752250834
0.631555055048327,1.56294563537498
0.63124727999492,1.56593533010212
0.630938539790191,1.56965551195427
0.630626471166269,1.57410509271536
0.630308183939164,1.57928299330632
0.629980263869995,1.58518814692761
0.629638775592473,1.59181950271059
0.629279265644025,1.59917602985973
0.628896765643962,1.60725672226493
0.628485795668241,1.61606060355987
0.62804036787665,1.62558673259746
0.62755399045476,1.63583420930782
0.627019671939902,1.64680218089671
0.626429926007782,1.65848984833397
0.625776776804389,1.67089647307086
0.625051764916673,1.68402138391321
0.624245954085344,1.69786398396301
0.623349938774311,1.71242375752471
0.622353852723911,1.72770027685369
0.621247378629631,1.74369320860269
0.620019759104642,1.7604023197975
0.618659809103677,1.77782748314522
0.617155930007797,1.7959686814467
0.615496125595003,1.81482601084877
0.613668020150662,1.83439968263152
0.611658879004976,1.85469002317982
0.609455631822477,1.87569747173727
0.607044899011273,1.89742257548244
0.604413021667822,1.91986598140342
0.601546095526601,1.94302842437424
0.598430009443289,1.96691071075791
0.595050489004904,1.99151369677309
0.591393145930286,2.01683826076701
0.587443533998592,2.042885268435
0.583187212320659,2.0696555299196
0.578609816845999,2.09714974761074
0.573697141073687,2.1253684533568
0.568435227003982,2.15431193368929
0.562810467423098,2.18398014156818
0.556809720648045,2.21437259308039
0.550420438861291,2.2454882474825
0.543630811122828,2.27732536898805
0.536429922043409,2.30988136877873
0.528807926917223,2.34315262589457
0.520756243821611,2.37713428595983
0.512267762769023,2.41182003716434
0.503337071413976,2.4472018635819
0.493960696046973,2.4832697768077
0.484137355623232,2.52001152807111
0.473868225360049,2.55741230445447
0.463157204990468,2.59545441463385
0.452011185103554,2.63411697163227
0.440440303185873,2.67337558238244
0.428458179099797,2.71320205631881
0.416082117936308,2.75356414758056
0.403333266660823,2.79442534745906
0.390236709976057,2.83574474515063
0.376821490634204,2.87747697531952
0.363120540321295,2.91957227007073
0.349170509444627,2.96197663036449
0.335011487814067,3.00463212748885
0.320686613293981,3.04747733896244
0.306241571781433,3.09044791545383
0.291723998878872,3.13347726655801
0.277182800714716,3.1764973444085
0.262667417735216,3.21943949613528
0.248227060149689,3.26223535012418
0.233909946395139,3.30481769773918
0.219762576095825,3.34712133213851
0.205829066477897,3.38908380909774
0.192150576373822,3.4306461009258
0.178764835436671,3.47175312281147
0.165705788787337,3.51235412022408
0.153003359884023,3.55240291523184
0.140683327678311,3.59185801785462
0.128767308651158,3.63068261516201
0.117272830404479,3.6688444554128
0.106213481179335,3.70631564706571
0.0955991188461685,3.74307239317575
0.0854361233042781,3.7790946808832
0.0757276775150655,3.8143659438273
0.0664740642516393,3.84887271279404
0.0576729677879294,3.88260426709988
0.0493197719434377,3.91555229640584
0.0414078479797681,3.94771058004609
0.033928827707437,3.97907468866248
0.0268728587520744,4.00964171101585
0.0202288402322931,4.03941000730473
0.0139846381278763,4.0683789891394
0.00812728039323597,4.09654892545244
0.00264313243213881,4.12392077302601
-0.00248194606737342,4.15049602993191
-0.00726246169832421,4.17627660996444
-0.0117131639302701,4.20126473605739
-0.0158489363164513,4.22546285068038
-0.01968470090515,4.24887354127724
-0.0232353344995845,4.27149947891826
-0.0265155954888984,4.29334336847267
-0.0295400600665363,4.31440790875335
-0.0323230667534426,4.33469576123599
-0.034878668246294,4.35420952610114
-0.0372205897113829,4.37295172448762
-0.0393621927401875,4.39092478597606
-0.0413164442714931,4.4081310404414
-0.0430958898663409,4.42457271352176
-0.0447126307957561,4.44025192504908
-0.046178304467228,4.4551706898743
-0.0475040677745886,4.46933092059717
-0.048700583007746,4.48273443177957
-0.0497780060042236,4.49538294528117
-0.050745976264247,4.50727809640929
-0.0516136087858101,4.51842144062114
-0.0523894874063395,4.52881446055669
-0.0530816594638105,4.53845857321602
-0.0536976316129933,4.5473551371252
-0.0542443666523778,4.55550545936152
-0.0547282812346966,4.56291080233171
-0.0551552443492038,4.56957239021661
-0.0555305764773309,4.57549141501286
-0.0558590493353173,4.58066904211671
-0.0561448861281671,4.5851064154075
-0.0563917622490402,4.58880466179922
-0.0566028063671283,4.59176489523718
-0.0567806018553613,4.59398822012483
-0.0569271885170657,4.59547573417193
-0.0570440645780708,4.59622853066087
-0.0571321889178125,4.5962477001324
-0.0571919835198025,4.5955343314962
-0.0572233361284697,4.59408951257498
-0.0572256031058909,4.59191433009416
-0.0571976124883562,4.58900986913194
-0.0571376672491019,4.58537721204771
-0.0570435487799227,4.58101743690966
-0.0569125206107943,4.57593161544574
-0.0567413323931317,4.57012081054598
-0.0565262241789311,4.56358607334814
-0.0562629310348539,4.55632843994373
-0.0559466880373727,4.54834892774722
-0.055572235702495,4.53964853157749
-0.0551338259114054,4.53022821950894
-0.0546252284017306,4.52008892855813
-0.0540397379031601,4.50923156028256
-0.0533701820059985,4.49765697638014
-0.0526089298620395,4.48536599439163
-0.0517479018291346,4.47235938362412
-0.0507785801841667,4.45863786143156
-0.0496920210440698,4.44420209000881
-0.0484788676512808,4.42905267387848
-0.0471293651988384,4.41319015827609
-0.0456333773914975,4.39661502866815
-0.0439804049629816,4.37932771167053
-0.0421596063960999,4.36132857767116
-0.0401598211221363,4.34261794550195
-0.0379695955088841,4.32319608954969
-0.0355772119830624,4.30306324974611
-0.0329707216726635,4.28221964493133
-0.0301379809979338,4.26066549014498
-0.0270666926858911,4.23840101846314
-0.0237444517319921,4.21542650806756
-0.0201587968828776,4.19174231530558
-0.0162972682647107,4.16734891457254
-0.0121474718305542,4.14224694592239
-0.00769715134485719,4.11643727138267
-0.0029342686598695,4.08992104101374
0.00215290693701754,4.06269976980313
0.00757569952040387,4.03477542651742
0.013344916704459,4.00615053563633
0.0194707284930013,3.97682829345575
0.0259625341969886,3.94681269935392
0.0328288169771632,3.91610870305047
0.0400769858074166,3.8847223684331
0.0477132049836508,3.8526610541584
0.0557422117404493,3.81993361072979
0.0641671230998651,3.7865505930934
0.0729892337763171,3.75252448695303
0.082207807806423,3.71786994597483
0.0918198675605266,3.68260403582965
0.101819984907548,3.6467464796224
0.112200080511273,3.6103198977235
0.122949238474798,3.57335003341904
0.134053544732877,3.53586595424137
0.145495958601997,3.49790021747939
0.157256227590448,3.45948898738011
0.16931085578202,3.42067209115308
0.181633135670429,3.38149300129307
0.194193252090272,3.34199873313911
0.206958464766557,3.30223964912319
0.219893372971753,3.26226916485902
0.232960261929163,3.22214335697026
0.246119526151536,3.1819204780872
0.259330160194511,3.14166039031666
0.272550302770759,3.10142393415873
0.285737816290928,3.06127225469056
0.298850881122833,3.0212661102868
0.311848582539516,2.98146519075376
0.324691468642826,2.941927471291
0.33734205948255,2.90270862619503
0.349765290921142,2.86386152197699
0.361928881136441,2.82543580408037
0.373803612528306,2.78747758527763
0.385363526700456,2.75002923773292
0.396586034681756,2.71312928520223
0.407451948296932,2.67681238731627
0.417945441396539,2.64110940459064
0.428053951447896,2.60604753079148
0.437768032825734,2.57165047846708
0.447081173158987,2.53793870364896
0.455989583469488,2.50492965668849
0.464491971773452,2.47263804767573
0.47258930848954,2.44107611665317
0.480284590562507,2.41025390069628
0.487582609788388,2.38017949173887
0.494489729499587,2.35085928067629
0.5010136725878,2.32229818472474
0.507163322834767,2.29449985622716
0.512948540690952,2.26746687207322
0.518379993982612,2.24120090365998
0.523469003521861,2.21570286788418
0.528227403221969,2.1909730600571
0.532667414059312,2.16701126989664
0.5368015310531,2.14381688190835
0.540642422334988,2.12138896154009
0.544202839336156,2.09972632850735
0.547495537115244,2.07882761865361
0.550533203875127,2.05869133564767
0.553328398760686,2.03931589373812
0.555893497086168,2.02069965269225
0.558240642204228,2.00284094594967
0.560381703294943,1.98573810292277
0.562328238419382,1.96938946628167
0.564091462246523,1.95379340497076
0.565682217923155,1.93894832361984
0.567110952613139,1.92485266893545
0.568387696284553,1.91150493358666
0.56952204337077,1.89890365803601
0.570523136974355,1.88704743070834
0.571399655321178,1.87593488683875
0.572159800206473,1.86556470629516
0.572811287205098,1.85593561063015
0.573361337445405,1.84704635958065
0.573816670770117,1.8388957472025
0.574183500128935,1.83148259779869
0.574467527066468,1.82480576177569
0.574673938185931,1.81886411154051
0.574807402484021,1.8136565375325
0.574872069465877,1.80918194446709
0.574871567961167,1.80543924785414
0.574809005573407,1.80242737084123
0.574686968704714,1.80014524142059
0.574507523107577,1.79859179002871
0.57427221492394,1.79776594755911
0.573982072180149,1.7976666438007
0.573637606714087,1.79829280630712
0.573238816518425,1.79964335969623
0.572785188491142,1.8017172253723
0.572275701591689,1.80451332165822
0.571708830408237,1.80803056431883
0.571082549148511,1.81226786745076
0.570394336073912,1.81722414470843
0.569641178403854,1.82289831082905
0.56881957772475,1.82928928341302
0.567925555945861,1.83639598490834
0.566954661852324,1.84421734473968
0.56590197831431,1.85275230151321
0.564762130220395,1.86199980521837
0.563529293213088,1.8719588193359
0.562197203315113,1.88262832274884
0.56075916754659,1.89400731133847
0.559208075645982,1.90609479913103
0.557536413021525,1.9188898188427
0.555736275075181,1.93239142165029
0.553799383057987,1.94659867599215
0.551717101634232,1.96151066517868
0.549480458352288,1.97712648356423
0.547080165242291,1.99344523100112
0.544506642785306,2.01046600526311
0.541750046525116,2.02818789208854
0.538800296622347,2.04660995245395
0.53564711068109,2.06573120664575
0.532280040210272,2.08555061465216
0.528688511115204,2.1060670523498
0.524861868648384,2.12727928290991
0.520789427281637,2.14918592279953
0.516460525992677,2.17178540170405
0.511864589486277,2.19507591565251
0.506991195890922,2.21905537258746
0.501830151482986,2.2437213295922
0.496371572988015,2.2690709209731
0.49060597798777,2.29510077640156
0.484524383916226,2.32180692835381
0.478118416050657,2.34918470815881
0.471380424787049,2.37722863008356
0.464303612323173,2.40593226306401
0.456882168647672,2.43528808994161
0.44911141643938,2.46528735440416
0.440987964107851,2.49591989626859
0.432509865745822,2.52717397629415
0.423676786211923,2.55903609238681
0.41449016891764,2.59149078984996
0.40495340316418,2.62452046924651
0.395071987080343,2.65810519644348
0.38485368138327,2.6922225204737
0.374308648366367,2.72684730591508
0.363449569776722,2.76195158747534
0.352291736658048,2.79750445527859
0.340853103898616,2.83347197985846
0.32915430223794,2.86981718594088
0.317218600949378,2.90650008361798
0.305071815409232,2.94347776436622
0.292742155333685,2.98070456748017
0.280260011609031,3.01813231987875
0.267657682289147,3.05571064897559
0.254969041345305,3.09338736456843
0.242229156915933,3.13110890176046
0.229473868853364,3.16882081311831
0.216739338011612,3.20646829496548
0.204061581688318,3.24399673025968
0.19147601070417,3.28135222918876
0.179016983644358,3.31848214860582
0.16671739278223,3.35533557272711
0.154608294256804,3.39186374000014
0.142718592386836,3.428020404449
0.131074784848816,3.46376212376424
0.119700772127415,3.49904847053836
0.108617731453712,3.53384216698837
0.0978440526192737,3.56810914695334
0.0873953307617702,3.60181855170203
0.077284409548975,3.63494266803077
0.0675214671567629,3.66745681826937
0.0581141369956703,3.69933921221343
0.0490676552006481,3.73057077078613
0.0403850273481917,3.76113493055069
0.0320672075873853,3.79101743719462
0.0241132842576175,3.82020613493
0.0165206670228968,3.84869075751336
0.00928527150785301,3.87646272537588
0.00240169832110808,3.90351495222948
-0.00413659583610987,3.92984166351736
-0.0103371365726713,3.95543822822503
-0.0162082807253133,3.98030100486542
-0.0217590763125688,4.00442720189145
-0.0269991336652348,4.0278147523585
-0.0319385075834846,4.05046220234131
-0.0365875901580211,4.07236861238687
-0.0409570137445388,4.09353347113954
-0.0450575634849807,4.11395662019165
-0.0489000987146132,4.13363818917661
-0.0524954825712499,4.15257854012241
-0.0558545191239651,4.17077822010883
-0.0589878973567318,4.18823792131593
-0.0619061413722704,4.20495844760662
-0.0646195662188254,4.22094068684822
-0.0671382387843788,4.2361855882432
-0.0694719432465442,4.25069414400445
-0.0716301506103119,4.26446737477487
-0.0736219919086724,4.27750631825173
-0.075456234682107,4.2898120205344
-0.0771412623914665,4.30138552976711
-0.0786850564545709,4.31222789169796
