0,1.18723937417038
0,1.18923937417038
8.64379504966842e-05,1.19194222883571
0.000257692905522874,1.195346859653
0.00051169012722392,1.19945221603334
0.000845901046754369,1.20425727662519
0.00125734258529688,1.20976105076368
0.00174257587667256,1.21596258008865
0.00229770443966501,1.22286094037042
0.00291837185431668,1.23045524358806
0.00359975900203326,1.23874464030973
0.00433658093431783,1.24772832242838
0.00512308343933275,1.2574055263085
0.00595303937924956,1.26777553640084
0.00681974487450716,1.27883768938204
0.00771601541368755,1.29059137887427
0.00863418196978718,1.30303606079741
0.0095660872052849,1.31617125940141
0.0105030818496843,1.32999657402071
0.0114360213342652,1.34451168658498
0.0123552627697729,1.35971636991097
0.0132506623538942,1.37561049678975
0.0141115732968361,1.39219404987065
0.0149268443553995,1.40946713232903
0.0156848190689237,1.42742997928856
0.0163733357947016,1.44608296995067
0.0169797286463321,1.4654266403628
0.0174908294463899,1.48546169673486
0.0178929708152715,1.50618902918712
0.0181719905316264,1.5276097257842
0.0183132373170284,1.54972508667782
0.0183015782191372,1.57253663814414
0.0181214077942865,1.59604614626043
0.017756659323023,1.62025562991883
0.0171908183315129,1.64516737282106
0.0164069387389021,1.67078393403618
0.0153876620067416,1.69710815663256
0.0141152397326046,1.72414317381296
0.0125715602072554,1.75189241188721
0.0107381795444282,1.78035958930733
0.00859635809569567,1.80954871086418
0.00612710298122448,1.83946405599981
0.00331121770143102,1.87011016002427
0.000129359945310546,1.90149178683716
-0.00343789112139403,1.93361389154269
-0.00740995662179999,1.96648157111021
-0.0118061671239749,2.00010000097343
-0.0166456573176537,2.0344743551819
-0.0219472441322453,2.06960970742591
-0.0277292860147801,2.10551090996059
-0.0340095209072196,2.1421824471742
-0.040804880327775,2.17962826030364
-0.0481312769003638,2.21785153963339
-0.056003362729769,2.25685448046994
-0.0644342562388646,2.29663799932647
-0.0734352355328147,2.33720140716449
-0.0830153971111211,2.37854203731928
-0.0931812799010725,2.42065482700417
-0.103936456231725,2.46353185317272
-0.115281093599585,2.50716182614991
-0.127211493970901,2.55152954793409
-0.139719620953977,2.59661534648314
-0.152792629417229,2.64239450260194
-0.166412416870177,2.68883669207148
-0.180555220855842,2.73590547203032
-0.195191291225223,2.78355784671782
-0.210284669777529,2.8317439526271
-0.22579311148159,2.88040690577303
-0.241668180391571,2.92948285291555
-0.257855548563156,2.97890126304172
-0.27429551720539,3.02858548444068
-0.29092376597488,3.07845357627331
-0.307672319518778,3.12841940261805
-0.324470701744118,3.17839395366144
-0.341247230199997,3.22828683603272
-0.357930388118493,3.27800785574229
-0.374450202567849,3.32746860597332
-0.39073955551084,3.37658397022429
-0.406735360753511,3.42527345948997
-0.422379552837221,3.47346231897132
-0.437619851726832,3.52108236240358
-0.452410286893656,3.56807251687962
-0.466711483294197,3.61437908446063
-0.480490727567752,3.65995574611153
-0.49372184416401,3.7047633469468
-0.506384917657467,3.74876950902383
-0.518465899588188,3.79194811957503
-0.529956136677995,3.83427873984823
-0.540851853313186,3.87574597408749
-0.551153615840977,3.91633883102455
-0.56086580040264,3.95605010269964
-0.569996080384383,3.99487577829543
-0.578554944525891,4.03281450443539
-0.586555252497207,4.06986709828743
-0.594011831394152,4.1060361158574
-0.6009411140664,4.14132547496215
-0.607360818379655,4.1757401303873
-0.613289665299262,4.20928579748393
-0.618747132940598,4.24196871977242
-0.623753243345947,4.27379547584893
-0.628328378619736,4.30477282090635
-0.632493123103859,4.33490755838654
-0.63626812844021,4.36420643760104
-0.639673998601702,4.39267607353634
-0.642731192242275,4.42032288546141
-0.64545993999689,4.44715305135175
-0.64788017463872,4.47317247552124
-0.650011472262467,4.49838676720079
-0.651873002904376,4.52280122811686
-0.653483489228116,4.54642084740236
-0.654861172100472,4.56925030241788
-0.656023782052246,4.59129396427537
-0.656988515769063,4.61255590704146
-0.657772016885759,4.63303991975704
-0.658390360468534,4.65274952054669
-0.658859040663126,4.67168797220847
-0.659192961066806,4.68985829877513
-0.659406427448862,4.70726330262316
-0.659513142500114,4.72390558177958
-0.659526202338453,4.73978754713915
-0.65945809453574,4.75491143935847
-0.659320697462971,4.76927934523953
-0.659125280776437,4.78289321345518
-0.658882506888652,4.79575486950306
-0.658602433284971,4.80786602980376
-0.65829451556077,4.81922831488446
-0.657967611065489,4.82984326161046
-0.65762998304924,4.83971233444568
-0.6572893052156,4.84883693573845
-0.656952666590984,4.85721841504173
-0.656626576626974,4.86485807748764
-0.656316970457472,4.87175719124421
-0.656029214237744,4.877916994089
-0.655768110497482,4.88333869913872
-0.65553790344517,4.888023499777
-0.655342284166239,4.89197257382398
-0.65518439566297,4.89518708699186
-0.65506683768975,4.89766819566911
-0.654991671343232,4.89941704907454
-0.654960423373101,4.90043479081925
-0.654974090185531,4.90072255991095
-0.655033141518027,4.9002814912309
-0.655137523771006,4.89911271550932
-0.655286662988325,4.89721735881975
-0.655479467485773,4.89459654160841
-0.655714330133344,4.89125137726905
-0.655989130303847,4.88718297026931
-0.656301235506971,4.88239241383001
-0.656647502734317,4.87688078715459
-0.657024279547076,4.87064915220252
-0.657427404943902,4.86369854999786
-0.657852210052191,4.85602999646184
-0.658293518691236,4.84764447775782
-0.658745647860862,4.83854294513641
-0.659202408213881,4.82872630927041
-0.659657104575354,4.81819543407092
-0.660102536576127,4.80695112998043
-0.660530999472548,4.79499414674339
-0.66093428522881,4.78232516566164
-0.661303683943171,4.76894479135059
-0.66162998570445,4.75485354302182
-0.66190348297106,4.7400518453299
-0.66211397357151,4.72454001883517
-0.662250764433124,4.70831827015022
-0.662302676155079,4.69138668185639
-0.662258048552934,4.67374520229783
-0.662104747315203,4.65539363538437
-0.661830171928539,4.63633163056229
-0.66142126504726,4.61655867314278
-0.660864523505828,4.59607407521322
-0.660146011200036,4.57487696739676
-0.659251374094754,4.55296629177102
-0.658165857653719,4.53034079630881
-0.656874327030881,4.50699903126294
-0.655361290413801,4.48293934798437
-0.653610925968461,4.45815990073954
-0.651607112902187,4.43265865217946
-0.649333467237877,4.4064333832116
-0.64677338297893,4.37948170813618
-0.643910079440401,4.35180109603264
-0.640726655627937,4.32338889951985
-0.637206152661319,4.29424239216569
-0.633331625362649,4.26435881598609
-0.629086224257829,4.23373544064956
-0.624453289370187,4.2023696361863
-0.619416457310963,4.17025896118498
-0.613959783284449,4.13740126863629
-0.608067879714249,4.10379483173697
-0.601726073245372,4.06943849208201
-0.594920581864005,4.03433183272197
-0.58763871377591,3.99847537851261
-0.579869089462157,3.96187082599425
-0.57160188794691,3.92452130465633
-0.562829117719285,3.88643167080734
-0.553544911897894,3.84760883431228
-0.543745846058983,3.80806211710645
-0.533431275617701,3.76780364057477
-0.522603687721077,3.72684873654548
-0.511269060271365,3.68521637376191
-0.499437217983348,3.64292958829584
-0.487122172386023,3.60001590256051
-0.474342429588419,3.5565077135873
-0.461121246721609,3.512442627397
-0.447486815630326,3.46786371311044
-0.433472351096082,3.42281964851933
-0.419116061157445,3.37736472886147
-0.40446097945564,3.33155871317778
-0.389554644345924,3.28546648837048
-0.374448616890727,3.23915754010327
-0.359197839528256,3.19270523167144
-0.343859848484204,3.14618590603268
-0.32849386473019,3.09967784087857
-0.313159799054748,3.05326010009993
-0.297917215097279,3.00701133532729
-0.282824298725883,2.96100859677961
-0.267936882150182,2.91532621246601
-0.253307566580445,2.87003478880072
-0.238984978729762,2.82520037478732
-0.225013185245977,2.78088381772858
-0.211431276808459,2.73714032292965
-0.198273121684547,2.69401921506684
-0.185567278287255,2.65156388638992
-0.173337048535057,2.60981190771368
-0.16160064891397,2.56879527258805
-0.150371473971654,2.52854074291102
-0.139658427112039,2.48907026497616
-0.129466295422619,2.45040142774668
-0.119796148237378,2.41254793922002
-0.110645742659871,2.37552010138353
-0.102009922899743,2.33932526891495
-0.0938810036986018,2.3039682810755
-0.0862491311459578,2.26945185996035
-0.0791026167212449,2.23577697132055
-0.0724282424254956,2.20294314655051
-0.0662115364159533,2.1709487662017
-0.0604370196858912,2.13979130662239
-0.0550884251088678,2.10946755212964
-0.0501488906613415,2.07997377558897
-0.045601128914473,2.05130589049105
-0.0414275750010288,2.02345957764636
-0.0376105152629403,1.99643038952475
-0.0341321987062421,1.9702138350922
-0.0309749332613697,1.9448054477759
-0.0281211686894844,1.92020083894511
-0.0255535678051156,1.89639573904675
-0.0232550675128075,1.87338602829234
-0.0212089309879124,1.85116775856419
-0.0193987921738076,1.82973716799747
-0.0178086936222652,1.80909068950351
-0.0164231185717678,1.78922495432746
-0.0152270180405251,1.77013679158154
-0.0142058336064878,1.7518232245606
-0.0133455164550404,1.73428146452911
-0.0126325431953067,1.71750890256652
-0.012053928877042,1.70150309996839
-0.0115972375807827,1.68626177762389
-0.0112505909031755,1.67178280472303
-0.0110026746161514,1.65806418708939
-0.0108427437418654,1.64510405538411
-0.0107606262541778,1.63290065338383
-0.0107467255910921,1.62145232649818
-0.0107920221402483,1.61075751066036
-0.0108880738406494,1.60081472169691
-0.011027016027686,1.59162254525951
-0.0112015606347319,1.58317962738116
-0.011404994852658,1.57548466570249
-0.0116311793381867,1.56853640139951
-0.0118745460527657,1.56233361183202
-0.0121300958052999,1.55687510392242
-0.0123933955644329,1.5521597082664
-0.0126605755989179,1.54818627397102
-0.0129283264978334,1.54495366421061
-0.0131938961158439,1.54246075248752
-0.0134550864823244,1.54070641958248
-0.0137102507068629,1.53968955117756
-0.0139582899074205,1.53940903613413
-0.0141986501812079,1.53986376540848
-0.0144313196321418,1.54105263158743
-0.0146568254625618,1.54297452902792
-0.0148762311307206,1.54562835458456
-0.0150911335694287,1.54901300891077
-0.0153036604551374,1.55312739831958
-0.0155164675106919,1.55797043719076
-0.0157327358189905,1.56354105091133
-0.0159561691188302,1.56983817933598
-0.0161909910483043,1.57686078075303
-0.0164419422952052,1.58460783633989
-0.0167142776079491,1.59307835508905
-0.0170137626145172,1.60227137918246
-0.0173466703907243,1.61218598978676
-0.0177197777126949,1.62282131323613
-0.0181403609216285,1.63417652756188
-0.0186161913216254,1.64625086931874
-0.0191555300233697,1.65904364064719
-0.0197671221376208,1.67255421649839
-0.0204601902125355,1.68678205193349
-0.0212444267975797,1.70172668939228
-0.0221299860039044,1.71738776580637
-0.0231274739162453,1.73376501940969
-0.0242479376943163,1.75085829607399
-0.0255028531819268,1.76866755496746
-0.0269041108192535,1.78719287330216
-0.0284639996274231,1.80643444989843
-0.0301951890043475,1.82639260725245
-0.0321107080361606,1.84706779174548
-0.0342239219891663,1.86846057157982
-0.0365485056025077,1.89057163196628
-0.039098412751427,1.9134017670208
-0.0418878419947276,1.9369518677525
-0.0449311974577445,1.96122290544267
-0.0482430444338671,1.98621590962241
-0.0518380590138423,2.01193193975717
-0.0557309709735775,2.03837204963899
-0.0599364990694141,2.06553724337394
-0.0644692778071244,2.09342842173405
-0.0693437746705431,2.12204631752519
-0.0745741967224891,2.15139141850805
-0.0801743854309226,2.18146387630763
-0.0861576985357479,2.21226339966639
-0.0925368777675309,2.24378913035163
-0.099323901272984,2.27603950003558
-0.106529819711144,2.30901206654998
-0.114164575180276,2.34270332810202
-0.122236802443927,2.3771085143591
-0.130753612373718,2.412221353802
-0.139720358146949,2.44803381745208
-0.149140385559284,2.48453584003877
-0.159014769863189,2.52171502092815
-0.169342042839125,2.55955630870909
-0.180117915349911,2.59804167524018
-0.191335002395471,2.63714978717428
-0.202982559615955,2.67685568543278
-0.215046242180656,2.71713048567005
-0.227507898888851,2.75794111525394
-0.240345415879651,2.79925010441709
-0.253532625332924,2.84101545066236
-0.267039294641508,2.88319057584539
-0.280831210448384,2.9257243942174
-0.294870369427237,2.96856150676645
-0.309115283613711,3.01164253226803
-0.323521402521182,3.05490457859999
-0.338041647481684,3.09828184944298
-0.352627046166738,3.1417063721441
-0.36722744780133,3.18510882321103
-0.38179229304458,3.22841941972488
-0.396271407715643,3.27156883899328
-0.410615787166712,3.31448912586853
-0.424778338514209,3.3571145477897
-0.438714551114565,3.39938236172816
-0.452383071202846,3.44123346427915
-0.465746163781783,3.4826129052084
-0.478770052766041,3.52347025468415
-0.491425138154421,3.56375982405732
-0.503686095860375,3.6034407484396
-0.515531871251299,3.64247694582563
-0.526945581171708,3.68083697181874
-0.537914341247387,3.71849379117496
-0.54842903577293,3.7554244876489
-0.558484046778771,3.79160993241722
-0.56807695730819,3.82703442913497
-0.577208241851674,3.86168535088341
-0.585880954579275,3.8955527812658
-0.594100423708492,3.92862916897678
-0.601873958203216,3.96090900249879
-0.609210571112957,3.99238850927025
-0.616120722274638,4.023065381767
-0.622616081818059,4.05293853143586
-0.628709314922396,4.08200787028586
-0.634413887532322,4.11027411912794
-0.639743892219496,4.13773864090555
-0.644713893028589,4.16440329722185
-0.649338787939173,4.1902703259953
-0.653633687472882,4.21534223812308
-0.657613807951116,4.23962173106534
-0.661294377939572,4.2631116173548
-0.664690556483874,4.28581476616489
-0.667817361831622,4.30773405621838
-0.670689609439895,4.328872338476
-0.673321858176014,4.34923240720246
-0.675728363727775,4.36881697815989
-0.677923038343938,4.38762867282282
-0.679919416124023,4.40567000764189
-0.68173062316725,4.42294338750525
-0.683369351973103,4.43945110265626
-0.684847839560273,4.45519532842431
-0.686177848837056,4.47017812721314
-0.68737065281487,4.48440145226792
-0.688437021308118,4.49786715281081
-0.689387209808713,4.510576980194
-0.690230950262878,4.52253259477176
-0.690977443511993,4.53373557323861
-0.691635353188865,4.54418741622024
-0.6922128008865,4.55388955593877
-0.692717362438702,4.56284336380347
-0.693156065171206,4.57105015780432
-0.693535385998923,4.57851120960814
-0.69386125025967,4.58522775127619
-0.694139031187838,4.59120098153888
-0.694373549943039,4.59643207157714
-0.69456907611924,4.60092217027229
-0.694729328669359,4.60467240889631
-0.694857477188994,4.60768390522282
-0.694956143511073,4.60995776704681
-0.695027403570794,4.61149509510642
-0.695072789507486,4.61229698540592
-0.695093291976911,4.61236453094248
-0.695089362654308,4.61169882284349
-0.695060916914978,4.61030095092388
-0.695007336685685,4.60817200367579
-0.694927473466484,4.60531306770543
-0.694819651528921,4.60172522663455
-0.694681671302839,4.5974095594865
-0.694510812970382,4.59236713857974
-0.694303840292163,4.58659902695494
-0.694057004697076,4.58010627536559
-0.693766049673909,4.57288991886642
-0.69342621550979,4.56495097303929
-0.693032244427706,4.55629042990221
-0.692578386182909,4.5469092535546
-0.692058404186111,4.53680837562039
-0.691465582230087,4.52598869056027
-0.690792731905765,4.51445105093609
-0.690032200804289,4.50219626272359
-0.689175881613081,4.4892250807847
-0.688215222226739,4.47553820462807
-0.687141237008013,4.46113627460613
-0.685944519350257,4.44601986871942
-0.684615255710992,4.43018950022411
-0.683143241306731,4.41364561626718
-0.681517897682374,4.39638859780575
-0.679728292394487,4.37841876110292
-0.67776316107694,4.35973636113259
-0.675610932189919,4.34034159727028
-0.673259754789413,4.32023462169644
-0.670697529694079,4.29941555099317
-0.667911944469775,4.27788448147461
-0.664890512699004,4.25564150885638
-0.66162061805246,4.23268675293851
-0.65808956373223,4.20902038805005
-0.654284627909745,4.18464268008051
-0.6501931258347,4.15955403100105
-0.64580247934145,4.13375503185543
-0.641100294523689,4.10724652527293
-0.636074448382143,4.08002967861754
-0.630713185268049,4.05210606893411
-0.625005223940102,4.02347778087297
-0.618939876015501,3.99414751875989
-0.612507176515687,3.96411873391392
-0.605698027071431,3.93339576818532
-0.598504352144928,3.90198401447013
-0.590919268331663,3.86989009463459
-0.582937266404082,3.83712205482764
-0.574554405234473,3.80368957754873
-0.565768516069949,3.76960420904749
-0.556579414816453,3.73487959964408
-0.546989119017816,3.69953175336598
-0.537002065099535,3.66357928190496
-0.526625320212209,3.62704365633822
-0.515868781707524,3.58994944838875
-0.504745355989687,3.55232455132002
-0.493271107318562,3.51420036900705
-0.481465366239883,3.47561196048098
-0.469350786850659,3.43659812652221
-0.456953342253917,3.39720142491177
-0.444302248486263,3.35746810196519
-0.431429809045522,3.31744793014357
-0.418371174961815,3.27719394494658
-0.405164019095915,3.23676207888826
-0.391848127835238,3.19621069591919
-0.378464918275787,3.15560003578766
-0.365056893895669,3.1149915839788
-0.35166705613948,3.07444738838825
-0.338338292739276,3.03402934813294
-0.325112765574399,2.99379850233503
-0.312031321153205,2.95381434700168
-0.299132945327483,2.91413420619818
-0.286454280790238,2.87481267979722
-0.274029221619073,2.8359011846536
-0.261888594101082,2.79744759973688
-0.250059927849092,2.75949601924313
-0.238567316295214,2.7220866116378
-0.227431361425459,2.68525557745176
-0.216669194356521,2.64903519477241
-0.20629456116066,2.61345393885917
-0.196317962192072,2.57853666111386
-0.186746832933482,2.54430481257678
-0.177585754880519,2.51077669794924
-0.168836686006293,2.47796774759408
-0.160499201699032,2.44589079677818
-0.152570738567605,2.41455636337884
-0.145046835025908,2.38397291720934
-0.137921363998777,2.35414713591057
-0.131186754376694,2.32508414393561
-0.124834198951289,2.29678773248712
-0.118853847478596,2.26926055935037
-0.113234984248203,2.2425043284096
-0.107966190100004,2.21651994926854
-0.103035489247532,2.19130767784743
-0.0984304815611718,2.16686723913043
-0.0941384611588375,2.14319793341944
