0,5.73866789028546
0,5.74066789028546
-0.000133060962502037,5.74219879334352
-0.000399028763394692,5.74326255704703
-0.000797700659027169,5.74386089785294
-0.00132882895163154,5.74399528919793
-0.00199212369792662,5.74366696034414
-0.0027872544756407,5.74287689594909
-0.00371385122167924,5.74162583634874
-0.00477150415453481,5.73991427854242
-0.00595976279235473,5.73774247786835
-0.00727813407690965,5.73511045035888
-0.00872607961260391,5.73201797576433
-0.0103030120286941,5.72846460123432
-0.0120082904720905,5.72444964564532
-0.0138412152375606,5.71997220456237
-0.015801021541884,5.71503115582218
-0.0178868724485695,5.70962516572349
-0.0200978509501827,5.70375269580895
-0.0224329512161846,5.69741201022041
-0.0248910690154784,5.69060118360706
-0.0274709913246403,5.68331810956232
-0.0301713851350805,5.67556050956178
-0.0329907854751676,5.66732594237006
-0.035927582666652,5.65861181387927
-0.0389800088385393,5.64941538733649
-0.0421461237258781,5.6397337939114
-0.0454237997857063,5.62956404354879
-0.0488107066676107,5.61890303604345
-0.0523042950819353,5.60774757226796
-0.0559017801145544,5.59609436547589
-0.0596001240432239,5.58394005259575
-0.0633960187167403,5.57128120542278
-0.0672858675643436,5.55811434160873
-0.0712657673088927,5.54443593534216
-0.0753314894631582,5.53024242760552
-0.0794784616939905,5.51553023588914
-0.0837017491439667,5.50029576323745
-0.087996035804256,5.48453540649876
-0.0923556060357233,5.46824556364754
-0.096774326337569,5.45142264004698
-0.101245627463977,5.43406305352045
-0.105762486989199,5.41616323810253
-0.110317412420191,5.39771964634513
-0.114902424953277,5.37872875006008
-0.119509043967392,5.35918703938834
-0.12412827234126,5.3390910200959
-0.128750582675562,5.31843720900927
-0.133365904493779,5.29722212751713
-0.137963612487363,5.27544229308121
-0.142532515862222,5.25309420871648
-0.14706084883478,5.23017435042022
-0.151536262317222,5.20667915254935
-0.155945816823603,5.18260499116694
-0.160275976621644,5.1579481654011
-0.164512605149777,5.13270487688228
-0.168640961716038,5.1068712073492
-0.172645699495216,5.08044309453839
-0.176510864843976,5.05341630649779
-0.180219897961306,5.02578641449267
-0.183755634934165,4.99754876470071
-0.187100311226722,4.96869844892506
-0.190235566696864,4.93923027458913
-0.193142452256871,4.90913873431677
-0.195801438337404,4.87841797544742
-0.198192425366768,4.84706176988974
-0.200294756542135,4.81506348478124
-0.20208723324809,4.78241605449855
-0.203548133572416,4.7491119546556
-0.204655234481972,4.71514317883967
-0.205385838355591,4.68050121897145
-0.205716804729266,4.64517705034043
-0.205624588295024,4.60916112256626
-0.205085284412612,4.57244335797625
-0.204074683646542,4.53501315917619
-0.202568337134101,4.49685942793221
-0.200541634926441,4.45797059788343
-0.197969899827562,4.41833468407419
-0.194828499685988,4.37793935283599
-0.191092981569316,4.33677201616446
-0.186739231766019,4.29481995542198
-0.181743666097903,4.25207047994035
-0.176083455566243,4.20851112687566
-0.16973679285516,4.16412990943644
-0.162683205617318,4.11891562129736
-0.154903922681841,4.07285820552067
-0.146382299229898,4.02594919648666
-0.137104306414271,3.97818224297567
-0.12705908964163,3.92955371937594
-0.116239597526894,3.88006342966931
-0.104643280063957,3.82971540496786
-0.0922728495169658,3.7785187895
-0.0791370906369505,3.72648880166818
-0.0652516978854527,3.6736477458516
-0.050640106479135,3.62002603703515
-0.0353342717407767,3.5656631846507
-0.0193753385143286,3.5106086655062
-0.00281413105305592,3.45492260058112
0.0142886136657531,3.39867613999622
0.0318623467631316,3.34195145856919
0.0498272105048344,3.28484127505789
0.0680949899792989,3.22744783442816
0.0865705256259981,3.16988133477602
0.10515355466209,3.11225783571595
0.123740900999169,3.05469674581661
0.142228888692127,2.99731804247348
0.160515822217087,2.94023941701225
0.178504365063335,2.8835735517337
0.196103659321155,2.82742572028065
0.213231061060043,2.77189186109855
0.229813412640138,2.71705721471645
0.245787824478748,2.66299555104791
0.261101986140669,2.60976895445729
0.275714063246595,2.55742809025577
0.289592259384213,2.50601285029145
0.30271413109197,2.45555326678744
0.315065741564544,2.40607058902063
0.326640728609207,2.3575784320112
0.337439348196575,2.31008392541713
0.347467539674447,2.26358881056921
0.356736044398908,2.21809045156668
0.365259597334073,2.17358274128211
0.373056201521955,2.13005689459323
0.380146488191062,2.08750212934536
0.386553160352498,2.04590624093407
0.392300514609582,2.00525607957331
0.397414034154422,1.9655379408561
0.401920045159874,1.92673788062086
0.40584542868272,1.88884196480525
0.409217380529851,1.8518364642004
0.412063212124366,1.81570800302541
0.414410186116598,1.78044366916893
0.416285381231726,1.74603109288444
0.417715581577128,1.71245849973265
0.418727186317319,1.67971474266658
0.419346136245901,1.64778931736407
0.419597854335696,1.61667236422818
0.419507197830246,1.58635465989309
0.419098419855487,1.55682760058102
0.418395138885249,1.52808317924517
0.417420314694686,1.50011395809178
0.416196229688256,1.47291303779255
0.414744474699743,1.44647402446593
0.413085938536725,1.4207909953145
0.411240800686092,1.39585846364809
0.409228526715073,1.37167134389277
0.407067865997901,1.34822491707802
0.404776851474962,1.32551479720517
0.402372801212094,1.30353689882505
0.39987232157512,1.2822874060893
0.397291311870883,1.26176274348516
0.394644970332879,1.24195954841635
0.39194780134873,1.22287464575141
0.389213623839522,1.20450502442374
0.386455580708798,1.18684781613517
0.383686149282688,1.16990027618482
0.380917152663339,1.15365976641852
0.378159771916165,1.13812374026988
0.375424559008321,1.123289729842
0.372721450411655,1.1091553349597
0.370059781278871,1.09571821410468
0.367448300097105,1.08297607713111
0.36489518371892,1.07092667964646
0.362408052667143,1.05956781893179
0.359993986607305,1.04889733126753
0.357659539879663,1.03891309052477
0.35541075698219,1.02961300787794
0.353253187896381,1.02099503249305
0.351191903149395,1.01305715304577
0.349231508508759,1.00579739992541
0.347376159209697,0.999213847984425
0.345629573619876,0.993304619698645
0.343995046252041,0.988067888609295
0.342475460041386,0.983501882926247
0.34107329781162,0.979604889180339
0.339790652861271,0.976375255822427
0.338629238609873,0.973811396677175
0.33759039725204,0.971911794170552
0.336675107376114,0.970675002261322
0.33588399051284,0.970099649018545
0.335217316588427,0.970184438798846
0.334675008265225,0.970928153989186
0.334256644162098,0.972329656292647
0.333961460955306,0.974387887546553
0.333788354369313,0.977101870073735
0.333735879075333,0.980470706579045
0.333802247523607,0.98449357961413
0.333985327743335,0.989169750644018
0.334282640151797,0.994498558759087
0.334691353421493,1.0004794190855
0.335208279461059,1.00711182095606
0.335829867572205,1.01439532591175
0.336552197851,1.02232956561143
0.337370973907376,1.0309142397341
0.338281514981714,1.04014911396353
0.339278747541842,1.05003401815003
0.340357196447491,1.06056884474738
0.341510975772426,1.07175354762581
0.342733779376799,1.08358814136265
0.344018871323955,1.09607270111258
0.345359076236811,1.10920736315745
0.346746769689058,1.12299232623299
0.348173868725866,1.13742785372513
0.349631822607507,1.15251427682265
0.351111603867406,1.16825199870538
0.352603699773773,1.18464149983805
0.354098104281171,1.20168334442937
0.355584310555425,1.21937818810354
0.357051304152283,1.23772678681776
0.358487556927536,1.25673000704429
0.359881021754104,1.27638883721838
0.361219128120306,1.29670440043557
0.362488778683457,1.31767796836154
0.363676346854592,1.3393109762963
0.364767675493898,1.36160503931076
0.36574807680295,1.38456196934828
0.366602333509642,1.40818379315554
0.367314701455472,1.43247277087598
0.367868913713295,1.45743141510469
0.36824818638764,1.48306251016469
0.368435226280103,1.50936913132065
0.368412240640167,1.53635466359553
0.368160949268301,1.56402281979792
0.367662599294482,1.59237765730002
0.366897983022945,1.62142359302775
0.365847459314486,1.65116541603196
0.36449097907274,1.68160829690122
0.362808115512569,1.7127577931495
0.360778100018756,1.74461984956174
0.358379864553996,1.7772007923056
0.35559209174835,1.81050731541259
0.352393274000016,1.84454645799457
0.348761783140429,1.87932557028845
0.344675952466081,1.91485226630991
0.340114173213803,1.95113436054651
0.335055007852618,1.98817978573103
0.329477322877177,2.02599648831502
0.323360444104187,2.06459229781772
0.316684337776721,2.10397476577881
0.3094298210455,2.14415096962029
0.301578805583389,2.1851272763708
0.293114578146693,2.22690906098518
0.284022121753561,2.26950037399149
0.274288480713586,2.312903553533
0.263903171897787,2.35711877769102
0.252858643246217,2.40214355445746
0.241150778415022,2.44797214908231
0.228779443504615,2.49459495197163
0.215749067842321,2.54199779506229
0.202069245728824,2.59016123079316
0.187755339919981,2.63905979543674
0.172829060604834,2.68866128743508
0.15731898621399,2.73892610095394
0.141260985331409,2.78980666416054
0.124698493423834,2.84124703930239
0.107682595492037,2.89318274565653
0.0902718676800426,2.94554086475285
0.0725319387884931,2.99824047805462
0.0545347473764523,3.05119346934371
0.0363574914948064,3.10430569761242
0.0180812944461325,3.1574785133561
-0.000210361806766358,3.21061055578292
-0.0184333580910184,3.26359973605128
-0.036504717844669,3.31634528801834
-0.0543443404004484,3.36874975785551
-0.0718765868291504,3.42072080955346
-0.0890316332942644,3.4721727439367
-0.105746531692872,3.52302766050749
-0.121965946743713,3.57321622849907
-0.137642567853169,3.62267806980611
-0.152737219004629,3.67136178689235
-0.167218708009007,3.71922469023619
-0.181063466837764,3.76623229143915
-0.194255037984368,3.81235763069196
-0.206783459346614,3.85758050291042
-0.218644593852726,3.90188663797788
-0.229839441769264,3.94526687947637
-0.24037346479649,3.98771639488766
-0.250255942707394,4.02923393974329
-0.2594993760269,4.06982118928899
-0.268118942341945,4.10948214416053
-0.276132009303505,4.1482226113065
-0.283557704104265,4.18604975772844
-0.290416536994595,4.22297173225572
-0.296730075018874,4.25899734923703
-0.302520661409355,4.29413582743959
-0.307811175788467,4.32839657737667
-0.312624830358355,4.36178903055144
-0.316984997486788,4.39432250457532
-0.320915064448123,4.4260060986947
-0.324438311487461,4.45684861487186
-0.327577809804556,4.48685850017162
-0.330356336474954,4.51604380677663
-0.33279630372267,4.54441216647669
-0.334919700322511,4.57197077694464
-0.336748043236801,4.59872639752189
-0.338302337879837,4.62468535259295
-0.339603045655247,4.64985354093471
-0.340670057628943,4.6742364496873
-0.34152267338649,4.6978391718153
-0.342179584281901,4.72066642611562
-0.342658860418242,4.74272257898632
-0.342977940812137,4.76401166730455
-0.343153626287194,4.7845374218738
-0.343202074718121,4.80430329099601
-0.34313879831019,4.82331246380466
-0.342978662649795,4.84156789306326
-0.342735887303008,4.85907231719234
-0.342424047771788,4.875828281338
-0.342056078643287,4.89183815733848
-0.341644277787743,4.9071041624824
-0.341200311475771,4.92162837698498
-0.340735220297428,4.9354127601366
-0.34025942577401,4.94845916510254
-0.339782737559832,4.96076935237432
-0.339314361135824,4.97234500189089
-0.338862905900201,4.98318772386405
-0.338436393564074,4.99329906835538
-0.338042266762101,5.00268053366294
-0.337687397790397,5.01133357358475
-0.337378097386085,5.01925960363259
-0.337120123465432,5.02646000627454
-0.336918689740405,5.03293613528745
-0.336778474136955,5.03868931930168
-0.336703626942372,5.04372086462018
-0.336697778613678,5.04803205739179
-0.336764047184301,5.05162416521567
-0.336905045212049,5.05449843824894
-0.337122886217824,5.05665610988442
-0.337419190571325,5.05809839705854
-0.337795090787253,5.05882650024246
-0.338251236203166,5.05884160316138
-0.338787797017926,5.05814487227891
-0.339404467677761,5.05673745607444
-0.340100469605005,5.05462048413285
-0.340874553272726,5.05179506605718
-0.341724999636397,5.04826229020583
-0.34264962094161,5.04402322224805
-0.343645760934385,5.03907890352316
-0.344710294507865,5.0334303491817
-0.345839626826013,5.02707854608014
-0.34702969197133,5.02002445039472
-0.348275951169508,5.01226898491534
-0.349573390649283,5.00381303597626
-0.35091651920057,4.99465744997762
-0.352299365498218,4.98480302945053
-0.353715475262394,4.97425052861764
-0.35515790832982,4.96300064840267
-0.356619235712733,4.95105403084463
-0.358091536724772,4.9384112528763
-0.359566396254954,4.92507281943243
-0.361034902272697,4.91103915585957
-0.362487643648615,4.89631059960874
-0.363914708377704,4.88088739120199
-0.365305682293803,4.86476966447633
-0.366649648367103,4.84795743612221
-0.367935186680249,4.83045059454979
-0.369150375183617,4.81224888813391
-0.370282791336943,4.79335191290915
-0.371319514753179,4.77375909980876
-0.372247130971575,4.75346970156695
-0.37305173650119,4.7324827794324
-0.373718945293808,4.71079718987345
-0.374233896827319,4.6884115714916
-0.37458126600759,4.66532433240157
-0.374745275129675,4.64153363838336
-0.374709708178585,4.6170374021655
-0.374457927796779,4.59183327426068
-0.373972895301071,4.56591863584607
-0.373237194196803,4.53929059426204
-0.372233057713094,4.51194598179759
-0.370942400970796,4.4838813585388
-0.369346858495727,4.45509302018072
-0.367427827904649,4.42557701184579
-0.36516652072121,4.395329149113
-0.362544021424026,4.3643450476452
-0.359541355988958,4.33262016300645
-0.356139571361377,4.30014984248751
-0.352319827479065,4.26692939100392
-0.348063503658023,4.23295415339333
-0.343352321344418,4.19821961570985
-0.338168485415436,4.16272152838115
-0.332494846364062,4.12645605434205
-0.326315085805763,4.08941994545939
-0.319613927769096,4.05161075068292
-0.312377378138038,4.01302705934663
-0.304592994351469,3.97366878284235
-0.296250186972898,3.93353747741343
-0.287340553947842,3.89263670997566
-0.277858247184497,3.85097246755531
-0.267800369438609,3.80855360902204
-0.257167397274444,3.76539235517268
-0.245963623050693,3.72150480979925
-0.2341976054272,3.6769115001116
-0.221882613864207,3.63163791983616
-0.209037048158752,3.58571505266807
-0.19568480954712,3.53917984789796
-0.181855595785086,3.49207561457242
-0.167585089563803,3.44445229632613
-0.15291500843485,3.39636658708123
-0.137892985959734,3.34788184926494
-0.122572258818091,3.29906780204456
-0.107011143542635,3.24999995791888
-0.0912722992978573,3.20075880174613
-0.0754217888716862,3.15142872591556
-0.0595279672332132,3.10209675687792
-0.0436602434395793,3.05285112883404
-0.027887774906151,3.00377977690031
-0.0122781608865633,2.95496883170803
0.00310379698838641,2.90650119834403
0.0181972053789856,2.85845529448606
0.032946011657288,2.81090400681704
0.0472997250991458,2.76391390390341
0.0612139120182693,2.71754472094955
0.0746504673434073,2.67184911038116
0.0875776796508703,2.62687263456384
0.099970117146278,2.58265396458217
0.111808368171872,2.53922524225257
0.123078671831371,2.49661256089441
0.13377247306438,2.45483652274812
0.143885932957237,2.41391283600037
0.153419420223191,2.37385292089562
0.162377004447173,2.33466450134616
0.170765966479987,2.29635216505354
0.178596336676376,2.25891788096488
0.185880467705933,2.22236146769112
0.192632645488444,2.18668101026763
0.198868739384493,2.1518732254134
0.204605891021873,2.11793377737536
0.209862239948154,2.08485754768482
0.214656683555471,2.05263886285862
0.21900866831933,2.02127168438589
0.222938009237634,1.99074976536955
0.22646473437436,1.9610667780321
0.229608951545533,1.9322164160199
0.232390734388785,1.90419247510138
0.234830025299129,1.87698891548886
0.236946552969658,1.8505999086476
0.238759762530868,1.8250198711044
0.240288756526222,1.80024348744116
0.241552245188236,1.77626572436225
0.242568504685733,1.75308183745857
0.243355342197665,1.7306873720565
0.243930066832275,1.70907815933465
0.244309465553267,1.68825030871249
0.244509783398519,1.66820019736103
0.244546707383458,1.64892445755235
0.244435353572241,1.63041996245101
0.244190256877155,1.61268381085229
0.243825363211871,1.59571331128828
0.243354023678915,1.57950596585099
0.242788990517379,1.56405945401988
0.242142414574888,1.54937161672835
0.241425844099181,1.53544044085815
0.240650224670578,1.52226404431158
0.239825900117838,1.50984066177791
0.238962614277397,1.49816863128138
0.238069513470358,1.48724638157346
0.23715514958347,1.47707242041119
0.236227483650314,1.46764532374508
0.235293889837308,1.45896372582537
0.234361159746488,1.45102631022281
0.23343550695349,1.44383180174972
0.232522571705172,1.43737895925942
0.231627425706924,1.4316665692954
0.230754576935216,1.42669344055749
0.229907974416398,1.42245839914903
0.229091012918308,1.41896028456784
0.228306537506893,1.41619794640314
0.227556847925918,1.41417024170157
0.226843702763831,1.4128760329673
0.2261683233781,1.41231418676344
0.225531397553676,1.4124835728855
0.224933082878767,1.41338306408113
0.224373009827682,1.41501153629449
0.223850284547155,1.41736786941774
0.223363491349187,1.42045094853651
0.222910694920002,1.42425966566028
0.222489442261219,1.42879292193251
0.222096764385607,1.4340496303191
0.221729177795976,1.44002871877627
0.221382685781645,1.44672913390202
0.221052779572627,1.45414984507622
0.220734439397131,1.46228984909554
0.220422135493211,1.47114817530901
0.220109829130464,1.48072389125853
0.219790973702547,1.49101610882606
0.21945851595618,1.50202399088548
0.219104897427122,1.51374675845149
0.218722056158661,1.52618369831138
0.218301428783459,1.53933417111682
0.217833953055382,1.55319761990283
0.21731007092442,1.56777357898875
0.216719732255191,1.58306168320234
0.216052399298118,1.59906167735128
0.215297052032463,1.61577342584823
0.214442194512398,1.63319692237347
0.213475862361487,1.65133229943543
0.212385631577913,1.67017983766097
0.211158628832846,1.68973997461607
