0,2.21896074580705
0,2.22096074580705
-0.000130241698866439,2.22360265544162
-0.000391544426663292,2.22688515079024
-0.000785026256232115,2.23080680938008
-0.00131209709805674,2.23536610707694
-0.0019744505849533,2.24056141428581
-0.00277405471382007,2.24639099140494
-0.00371314120418027,2.25285298346682
-0.00479419352587274,2.25994541388927
-0.00601993354102636,2.26766617724921
-0.0073933066984477,2.27601303098171
-0.00891746571183621,2.2849835858968
-0.0105957526469206,2.29457529539687
-0.0124316793368228,2.3047854432682
-0.0144289060398735,2.31561112991175
-0.0165912182499507,2.32704925687053
-0.018922501566446,2.33909650950463
-0.0214267145295285,2.35174933766015
-0.0241078593268345,2.36500393417578
-0.0269699502805511,2.37885621107055
-0.0300169800295921,2.39330177325996
-0.033252883330813,2.40833588965509
-0.0366814984166651,2.42395346151172
-0.0403065258651151,2.44014898791513
-0.0441314849618972,2.45691652831171
-0.0481596675661055,2.47424966203256
-0.052394089528704,2.49214144479721
-0.0568374397606255,2.51058436224009
-0.0614920271036274,2.52957028056803
-0.066359725223671,2.54909039453621
-0.0714419158238404,2.56913517302288
-0.0767394305619031,2.58969430259007
-0.0822524921563092,2.61075662953911
-0.0879806552729319,2.63231010110449
-0.0939227479016093,2.65434170657635
-0.10007681405415,2.67683741929736
-0.106440058740444,2.69978214064061
-0.113008796302105,2.72315964723455
-0.119778403297794,2.7469525428535
-0.126743277234149,2.7711422165274
-0.133896802512854,2.79570880853318
-0.141231325009144,2.82063118600068
-0.148738136700493,2.84588692988679
-0.156407471717555,2.87145233503003
-0.164228515084377,2.8973024248846
-0.172189425245341,2.92341098233816
-0.180277371238855,2.94975059773791
-0.188478585072779,2.9762927348838
-0.196778429488883,3.0030078153014
-0.205161480883266,3.02986532059352
-0.213611626691718,3.05683391210634
-0.222112176073381,3.08388156655836
-0.230645982256511,3.11097572569928
-0.239195574472541,3.13808345752253
-0.247743297025324,3.16517162608418
-0.256271452745665,3.19220706661282
-0.264762447887093,3.21915676235471
-0.273198935441218,3.24598801950414
-0.281563953896108,3.27266863662833
-0.289841058626864,3.29916706520537
-0.298014443383442,3.32545255824036
-0.306069049709411,3.35149530438548
-0.313990662563346,3.37726654553504
-0.321765990895722,3.4027386764627
-0.329382732430855,3.42788532568013
-0.336829622389577,3.45268141729238
-0.344096466340951,3.47710321417452
-0.351174157772152,3.50112834327728
-0.35805468130168,3.52473580426756
-0.364731102725191,3.5479059630175
-0.371197547273172,3.57062053166959
-0.37744916757817,3.59286253713019
-0.383482102902182,3.61461627988801
-0.389293431170738,3.6358672850287
-0.394881115309111,3.65660224723541
-0.400243945288314,3.67680897144043
-0.405381477174444,3.69647631063878
-0.410293970343656,3.71559410220214
-0.414982323885004,3.73415310385068
-0.419448013071124,3.75214493025989
-0.423693026637888,3.76956199110567
-0.427719805482536,3.78639743118841
-0.431531183268304,3.80264507312844
-0.435130329313893,3.81829936299329
-0.438520694049109,3.83335531910203
-0.441705957233814,3.84780848415348
-0.444689979065615,3.86165488074298
-0.447476754241743,3.8748909702645
-0.450070368991417,3.88751361514152
-0.452474961055526,3.8995200442876
-0.454694682559582,3.91090782166672
-0.456733665702497,3.92167481780045
-0.458595991166663,3.93181918405464
-0.460285659143157,3.94133932952946
-0.461806562858682,3.95023390037318
-0.463162464487328,3.95850176134123
-0.464356973329617,3.96614197942547
-0.465393526143112,3.97315380938558
-0.466275369512438,3.97953668102287
-0.46700554415158,3.98529018804638
-0.467586871037418,3.99041407839234
-0.468021939280229,3.99490824586915
-0.468313095644296,3.99877272301217
-0.468462435639409,4.00200767504443
-0.468471796112,4.00461339485151
-0.468342749272584,4.00659029889075
-0.468076598104229,4.00793892396683
-0.467674373104718,4.00865992481703
-0.467136830322934,4.00875407246145
-0.466464450657768,4.00822225328373
-0.465657440395453,4.00706546881939
-0.464715732968766,4.00528483623911
-0.463638991928822,4.00288158952466
-0.462426615127433,3.99985708134557
-0.461077740115036,3.99621278565428
-0.459591250766063,3.99195030102765
-0.457965785150383,3.98707135479188
-0.456199744675935,3.98157780797763
-0.454291304533999,3.97547166116118
-0.452238425484585,3.96875506125634
-0.450038867025148,3.96143030933043
-0.447690201991138,3.95349986952615
-0.445189832641756,3.94496637917848
-0.442535008288445,3.93583266022315
-0.439722844527105,3.92610173199951
-0.436750344137477,3.9157768255556
-0.433614419714415,3.90486139956765
-0.430311918095609,3.89335915798795
-0.426839646648356,3.881274069536
-0.423194401473951,3.8686103891451
-0.419372997581651,3.85537268147175
-0.415372301074566,3.84156584656647
-0.411189263376764,3.82719514779154
-0.406820957513687,3.81226624205347
-0.402264616436164,3.7967852123943
-0.397517673351277,3.78075860295565
-0.392577803990341,3.76419345629202
-0.38744297070495,3.747097352964
-0.382111468235662,3.72947845328768
-0.376581970944297,3.71134554105218
-0.370853581239583,3.6927080689435
-0.364925878857259,3.67357620532869
-0.358798970579911,3.6539608819609
-0.352473539899759,3.63387384206317
-0.345950896040551,3.61332768813914
-0.339233021664615,3.59233592874405
-0.332322618500657,3.57091302333233
-0.325223150040382,3.54907442418381
-0.317938880371686,3.52683661430326
-0.310474908147898,3.50421714009428
-0.302837194641859,3.48123463753544
-0.295032584806582,3.45790885054168
-0.287068820266934,3.43426064018515
-0.278954543205249,3.41031198348456
-0.270699290183239,3.38608596055845
-0.262313475067077,3.36160672907962
-0.253808360394304,3.33689948517013
-0.245196016740021,3.31199041013729
-0.236489269902654,3.28690660276912
-0.227701636030051,3.2616759972733
-0.218847245135294,3.23632726734693
-0.209940753795521,3.21088971728752
-0.200997248171128,3.18539316148075
-0.192032138809775,3.15986779400575
-0.183061048992193,3.1343440504611
-0.174099698617983,3.108852464414
-0.165163785804745,3.08342352109214
-0.156268868471868,3.05808751105821
-0.147430248194311,3.03287438662296
-0.138662858540394,3.00781362366228
-0.129981159954741,2.98293409131152
-0.121399043022005,2.95826393172903
-0.112929741662098,2.93383045176561
-0.104585757479499,2.90966002797009
-0.0963787961358341,2.88577802592467
-0.0883197162545396,2.86220873446104
-0.0804184910160834,2.83897531488028
-0.0726841822768437,2.81609976490572
-0.0651249267561812,2.79360289675101
-0.0577479335928414,2.77150432839796
-0.0505594923784127,2.74982248695358
-0.0435649906335858,2.72857462279546
-0.0367689396009509,2.70777683311705
-0.0301750071822447,2.68744409344295
-0.0237860568428665,2.66759029569305
-0.0176041913356465,2.64822829142391
-0.0116308001523607,2.62936993895759
-0.00586660968847941,2.61102615321331
-0.000311735197690682,2.59320695717803
0.00503426628789446,2.5759215340807
0.0101723427931821,2.55917827946621
0.0151038946103348,2.54298485249332
0.0198307224045114,2.52734822590315
0.0243549766433466,2.51227473421818
0.0286791086934963,2.49777011983446
0.0328058238511132,2.483839576761
0.0367380365055179,2.47048779184005
0.0404788275765943,2.45771898335005
0.0440314043162593,2.44553693694993
0.0473990625222348,2.43394503897073
0.0505851511776253,2.42294630709789
0.0535930395017708,2.41254341851703
0.0564260863757361,2.40273873561843
0.0590876120888771,2.39353432937098
0.0615808723404847,2.38493200048736
0.0639090344218674,2.37693329850794
0.0660751554988075,2.36953953893377
0.0680821629115578,2.3627518185379
0.0699328364089605,2.35657102898169
0.071629792234456,2.35099786885757
0.0731754689843455,2.34603285427329
0.074572115162376,2.34167632808516
0.07582177835928,2.3379284678794
0.0769262959911105,2.33478929279164
0.0778872875358948,2.33225866924521
0.0787061482141502,2.33033631567943
0.0793840440650464,2.32902180632895
0.0799219083763738,2.32831457410598
0.0803204394329201,2.32821391262681
0.0805800995543019,2.32871897741514
0.080701115399711,2.32982878630447
0.080683479523375,2.33154221905312
0.0805269531707661,2.33385801617563
0.0802310703116985,2.33677477698581
0.0797951429123986,2.34029095683773
0.079218267454387,2.34440486354217
0.078499332713544,2.34911465292825
0.0776370288179909,2.35441832351163
0.0766298576083655,2.36031371022303
0.0754761443286327,2.3667984771439
0.0741740506796747,2.37387010918914
0.0727215892714532,2.38152590267054
0.0711166395124151,2.38976295466978
0.0693569649768878,2.39857815114464
0.0674402322923133,2.40796815368934
0.0653640315881166,2.41792938486761
0.0631258985465737,2.42845801203661
0.0607233380929768,2.43954992958134
0.0581538497574221,2.45120073948319
0.0554149547333314,2.46340573015215
0.0525042246480283,2.47615985346233
0.0494193120479447,2.48945769994319
0.0461579825849287,2.50329347209636
0.0427181488702662,2.51766095582995
0.0390979059389983,2.53255349002929
0.0352955682385327,2.54796393431623
0.0313097080220796,2.56388463508834
0.0271391949888089,2.58030738997517
0.022783236968695,2.59722341090186
0.0182414214007771,2.61462328601013
0.0135137572992419,2.63249694075367
0.0086007173427999,2.65083359855821
0.00350327966007501,2.66962174151519
-0.00177703118165801,2.68884907166119
-0.007238104543474,2.70850247348029
-0.0128772060619814,2.7285679783516
-0.018690942662859,2.74903073174588
-0.0246752309819198,2.76987496404911
-0.0308252699796378,2.79108396595402
-0.0371355185656847,2.812640069406
-0.0435996790623746,2.83452463511427
-0.0502106873258485,2.85671804763591
-0.0569607103074489,2.87919971900478
-0.0638411517716643,2.90194810180497
-0.0708426667888137,2.92494071247607
-0.0779551854890933,2.94815416548278
-0.0851679464001319,2.97156421878545
-0.0924695394951325,2.99514583081273
-0.0998479588574177,3.01887322886863
-0.107290664626311,3.0427199886117
-0.114784653637336,3.06665912393465
-0.12231653791695,3.09066318626096
-0.129872629949845,3.1147043719762
-0.13743903341714,3.13875463643929
-0.145001737917974,3.16278581278933
-0.152546716045499,3.18676973358822
-0.160060021099101,3.21067835322903
-0.16752788368345,3.23448386900268
-0.174936805473835,3.25815883875184
-0.182273648514855,3.28167629315119
-0.189525718561423,3.30500984083012
-0.196680841159357,3.32813376478807
-0.203727429387736,3.35102310883172
-0.21065454243492,3.37365375307121
-0.217451934442532,3.39600247783572
-0.224110093314558,3.41804701568975
-0.230620269441083,3.43976609153885
-0.236974494518474,3.46113945109323
-0.243165590852676,3.48214787820278
-0.249187171704668,3.50277320178009
-0.255033633374062,3.52299829318637
-0.260700139817688,3.54280705506855
-0.266182600666012,3.56218440270539
-0.271477643533794,3.58111623895091
-0.276582581526401,3.59958942385826
-0.281495376823827,3.61759174003387
-0.286214601185456,3.6351118547141
-0.290739394164536,3.65213927948297
-0.29506941975659,3.66866432846299
-0.299204822134591,3.68467807571875
-0.303146181049015,3.70017231251722
-0.306894467395847,3.71513950499423
-0.310450999382437,3.72957275268569
-0.313817399651586,3.7434657482966
-0.316995553659563,3.75681273900256
-0.319987569544812,3.76960848950769
-0.322795739671177,3.78184824702058
-0.325422503982901,3.79352770825533
-0.32787041526811,3.80464298851862
-0.330142106392975,3.81519059290489
-0.33224025953963,3.82516738958963
-0.334167577456972,3.83457058518553
-0.335926756714014,3.84339770210618
-0.337520462930166,3.85164655786695
-0.338951307945028,3.85931524624232
-0.340221828881637,3.8664021201916
-0.341334469051138,3.8729057764616
-0.342291560643095,3.87882504177328
-0.343095309143877,3.88415896050039
-0.343747779425242,3.88890678375116
-0.344250883446341,3.89306795976773
-0.344606369514411,3.89664212556369
-0.344815813052373,3.89962909972604
-0.344880608825103,3.9020288763146
-0.344801964580263,3.90384161979933
-0.344580896064014,3.90506766098344
-0.344218223376669,3.90570749386803
-0.343714568638271,3.90576177342211
-0.343070354939089,3.90523131422947
-0.342285806555081,3.90411708999216
-0.34136095041343,3.90242023387801
-0.34029561879822,3.90014203970745
-0.3390894532912,3.89728396398235
-0.337741909947257,3.8938476287672
-0.336252265708735,3.88983482543959
-0.334619626066945,3.88524751933417
-0.332842933983102,3.88008785531033
-0.330920980084458,3.87435816427988
-0.328852414154411,3.86806097073622
-0.326635757937874,3.86119900133157
-0.324269419284975,3.85377519455227
-0.321751707657231,3.84579271154567
-0.319080851020404,3.83725494815367
-0.316255014147298,3.8281655482091
-0.313272318351522,3.81852841814982
-0.310130862669535,3.80834774300326
-0.306828746502918,3.79762800378922
-0.30336409372552,3.78637399638202
-0.299735078250638,3.77459085186334
-0.295939951041462,3.76228405838438
-0.291977068533351,3.7494594845401
-0.287844922418855,3.73612340423831
-0.283542170725464,3.72228252302226
-0.27906767009166,3.70794400577733
-0.274420509118756,3.69311550571865
-0.26960004264415,3.67780519451879
-0.264605926745966,3.66202179339106
-0.259438154249727,3.64577460489613
-0.254097090465036,3.62907354518655
-0.248583508834586,3.61192917634685
-0.24289862613016,3.59435273842681
-0.237044136781258,3.5763561807025
-0.231022245873301,3.55795219163741
-0.224835700305284,3.53915422695353
-0.218487817553484,3.51997653516525
-0.211982511450498,3.50043417987704
-0.205324314360123,3.48054305810506
-0.198518395111011,3.4603199138547
-0.191570572048647,3.43978234617468
-0.184487320578627,3.41894881091843
-0.177275774607146,3.39783861547638
-0.169943721339126,3.37647190580333
-0.162499588972057,3.35486964515418
-0.154952426924967,3.33305358406013
-0.147311878366529,3.31104622122606
-0.139588144952385,3.28887075520515
-0.131791943846195,3.26655102690691
-0.123934457277203,3.24411145321136
-0.116027275073342,3.22157695219114
-0.108082330796192,3.19897286067307
-0.100111832284721,3.1763248450935
-0.0921281875805418,3.15365880680683
-0.0841439273505461,3.13100078318313
-0.0761716250360287,3.10837684597119
-0.0682238160347032,3.08581299849872
-0.060312917259193,3.06333507332685
-0.0524511484103208,3.04096863196935
-0.0446504562558709,3.01873886822697
-0.0369224431177199,2.99667051657821
-0.0292783006466787,2.97478776691424
-0.0217287498111861,2.95311418671601
-0.014283987850561,2.93167265155532
-0.00695364275405138,2.91048528456822
0.000253264368209307,2.88957340531048
0.00732834884895699,2.86895748817001
0.0142638839719864,2.84865713028943
0.0210528146018941,2.82869102875093
0.0276887632595121,2.80907696660078
0.0341660290906332,2.78983180714577
0.0404795802738539,2.77097149584134
0.0466250404860264,2.75251106900922
0.0525986700917912,2.7344646685727
0.0583973427487479,2.71684556197438
0.0640185181245316,2.69966616644404
0.0694602114093209,2.68293807680688
0.0747209602802581,2.66667209606273
0.0797997899360809,2.65087826801903
0.084696176773959,2.63556591132262
0.0894100112288665,2.62074365430215
0.093941560241232,2.60641947010319
0.0982914297631621,2.59260071166781
0.102460527658909,2.57929414617841
0.106450027302773,2.5665059886503
0.110261332128247,2.55424193441739
0.113896041336669,2.54250719030999
0.117355916932201,2.531306504373
0.120642852213052,2.52064419401553
0.123758841816219,2.51052417252095
0.126705953384837,2.50094997387779
0.12948630090303,2.49192477591873
0.132102019722896,2.4834514217769
0.134555243291417,2.47553243968603
0.136848081571534,2.46817006116455
0.138982601140817,2.46136623763388
0.14096080694294,2.45512265552831
0.142784625661094,2.44944074995828
0.144455890678297,2.44432171699097
0.145976328587002,2.43976652461292
0.147347547209221,2.43577592243777
0.148571025088318,2.43235045022001
0.149648102414534,2.42949044523211
0.150579973347952,2.42719604855802
0.151367679704928,2.42546721035105
0.152012105976735,2.42430369409861
0.152513975652357,2.42370507993069
0.152873848820735,2.42367076700251
0.153092121031381,2.42419997497585
0.153169023395966,2.42529174461708
0.153104623917192,2.42694493752369
0.152898830034978,2.42915823498507
0.152551392383556,2.43193013597684
0.15206190975652,2.43525895428277
0.151429835280085,2.43914281473231
0.15065448379775,2.44357964853674
0.149735040472106,2.44856718770237
0.148670570611711,2.4541029584947
0.147460030732542,2.46018427392407
0.14610228086458,2.46680822522039
0.144596098114357,2.47397167226246
0.142940191493772,2.48167123292657
0.141133218024,2.48990327131903
0.13917380012068,2.49866388485885
0.137060544262755,2.5079488901799
0.13479206094198,2.51775380782656
0.132366985883283,2.52807384572368
0.129784002517392,2.53890388141071
0.127041865676522,2.55023844304148
0.124139426471008,2.56207168916498
0.121075658289592,2.57439738732024
0.117849683848335,2.58720889149844
0.114460803192775,2.60049911854955
0.11090852253487,2.61426052363808
0.107192583780451,2.62848507488371
0.103312994574417,2.64316422735712
0.0992700586598913,2.65828889663971
0.0950644063143809,2.6738494321968
0.0906970245909347,2.68983559085837
0.086169287056216,2.70623651074659
0.0814829826808788,2.7230406860368
0.0766403435018503,2.74023594298472
0.0716440706422184,2.75780941769772
0.0664973582438894,2.77574753616885
0.0612039148426585,2.79403599712831
0.0557679816966282,2.81265975829412
0.0501943475689563,2.83160302662154
0.0444883594666522,2.85084925315467
0.0386559288504891,2.87038113307304
0.0327035328587606,2.89018061149724
0.0266382101309956,2.91022889556947
0.020467550877804,2.93050647325628
0.0141996809200986,2.95099313923017
0.00784323951462456,2.97166802807578
0.00140735089179774,2.99250965493525
-0.00509841044586216,3.01349596355964
-0.0116640604839983,3.03460438157229
-0.0182792521960847,3.05581188258051
-0.0249333273231453,3.07709505460046
-0.0316153728379247,3.09843017409224
-0.0383142813710145,3.11979328474629
-0.045018814764415,3.14116028002345
-0.0517176698260002,3.16250698833782
-0.0583995452907847,3.18380925968786
-0.0650532089551531,3.20504305249252
-0.0716675639404155,3.22618451937695
-0.0782317130628628,3.24721009067886
-0.0847350203380675,3.26809655450918
-0.0911671687252137,3.2888211322975
-0.0975182133191547,3.30936154887896
-0.103778629319055,3.32969609632841
