0,1.86183853200638
0,1.86383853200638
-6.97729679515864e-05,1.8665546378815
-0.000210724614749472,1.86998575702199
-0.000424743385797132,1.87413078920939
-0.000714195658503886,1.87898862727666
-0.00108192035034778,1.8845581579532
-0.00153122290184669,1.89083826284597
-0.00206586859047927,1.89782781949848
-0.00269007512290345,1.9055257024606
-0.00340850444363985,1.91393078429115
-0.00422625368862049,1.92304193640394
-0.00514884520154345,1.93285802965543
-0.00618221551971105,1.94337793455792
-0.00733270322384656,1.95460052098678
-0.00860703553316348,1.96652465723323
-0.0100123135125861,1.97914920823492
-0.0115559957433762,1.99247303279608
-0.013245880291407,2.00649497958552
-0.0150900847888582,2.02121388167609
-0.0170970244251319,2.03662854936134
-0.0192753876212945,2.05273776095543
-0.0216341091393802,2.06954025125029
-0.0241823403535842,2.08703469726938
-0.026929416384944,2.10521970092142
-0.0298848197749561,2.12409376811901
-0.0330581403472286,2.14365528388834
-0.0364590308805403,2.16390248295682
-0.0400971581925998,2.18483341526729
-0.0439821492128145,2.20644590583166
-0.0481235316063139,2.22873750830624
-0.0525306685026679,2.25170545164756
-0.0572126868841296,2.27534657919515
-0.0621783992034195,2.29965727953102
-0.0674362178343793,2.32463340848972
-0.072994062015416,2.35027020174411
-0.0788592570314406,2.37656217747818
-0.0850384255016722,2.40350302878825
-0.0915373708054678,2.43108550563656
-0.0983609528938125,2.45930128642763
-0.105512957007614,2.48814083959694
-0.112995956161973,2.51759327600421
-0.120811168662764,2.54764619341543
-0.128958312399628,2.57828551494367
-0.137435458204635,2.60949532399583
-0.146238885168673,2.64125769903034
-0.155362941449754,2.67355255224906
-0.164799914760519,2.70635747718987
-0.174539917345756,2.73964761100614
-0.18457079080255,2.77339551794882
-0.194878036491687,2.80757110112571
-0.205444777467361,2.84214154990817
-0.216251757737922,2.87707133029008
-0.227277384193702,2.91232222498635
-0.238497815644764,2.94785342901557
-0.249887102075104,2.98362170490514
-0.261417375453113,3.01958159950054
-0.27305909130167,3.05568572172656
-0.28478131783836,3.09188507767926
-0.296552067008473,3.12812945632866
-0.308338659349013,3.16436785613593
-0.320108112554419,3.20054894030814
-0.331827542066892,3.23662150648767
-0.343464561148966,3.27253495560913
-0.354987667811691,3.30823974457858
-0.366366606685996,3.34368780835601
-0.377572695370459,3.37883293886445
-0.3885791068237,3.41363111072037
-0.399361101797817,3.4480407468284
-0.409896207908951,3.4820229201235
-0.420164344494137,3.51554149089898
-0.43014789472207,3.54856318199368
-0.439831728368938,3.58105759645329
-0.449203180155191,3.6129971840303
-0.458251989536768,3.64435716401692
-0.46697020837428,3.67511541244838
-0.475352083021026,3.70525232174698
-0.48339391715194,3.73475064050188
-0.491093921186397,3.76359530040903
-0.498452053522122,3.79177323653544
-0.505469858070559,3.81927320611902
-0.512150301828155,3.84608561014437
-0.518497615480634,3.8722023210052
-0.524517139351902,3.89761651871324
-0.530215176396392,3.92232253736506
-0.535598853403913,3.94631572294191
-0.540675991141903,3.96959230299389
-0.545454983798258,3.99214926834197
-0.549944687802108,4.01398426660986
-0.554154319881102,4.03509550715919
-0.55809336405266,4.05548167683378
-0.561771487133587,4.07514186580865
-0.565198462278585,4.09407550277584
-0.568384100015465,4.11228229867107
-0.571338186226293,4.12976219814495
-0.57407042652329,4.14651533800189
-0.576590396481251,4.1625420118629
-0.578907497210456,4.17784264035145
-0.581030915782443,4.19241774614964
-0.582969590053108,4.20626793332261
-0.584732177461536,4.2193938703611
-0.58632702741736,4.23179627644276
-0.587762156923319,4.24347591046147
-0.589045229112301,4.2544335624208
-0.590183534409153,4.26467004683077
-0.591183974056542,4.27418619778768
-0.592053045771152,4.28298286545354
-0.592796831321356,4.2910609136859
-0.59342098584036,4.29842121859945
-0.593930728709709,4.305064667869
-0.5943308358671,4.31099216060849
-0.59462563340988,4.316204607684
-0.594818992381466,4.32070293233876
-0.594914324642468,4.32448807102745
-0.594914579741609,4.32756097437343
-0.594822242713844,4.32992260817785
-0.594639332744392,4.33157395442389
-0.594367402648062,4.33251601223137
-0.594007539123131,4.33274979872939
-0.593560363748506,4.33227634982488
-0.593026034701844,4.33109672085577
-0.592404249185021,4.32921198712661
-0.591694246551748,4.32662324433438
-0.590894812140466,4.32333160890114
-0.590004281823907,4.31933821823938
-0.589020547294999,4.31464423098522
-0.587941062117217,4.3092508272442
-0.586762848576103,4.3031592089041
-0.585482505377568,4.29637060007968
-0.584096216247861,4.28888624776544
-0.582599759499812,4.28070742278393
-0.580988518640175,4.27183542113022
-0.579257494103777,4.26227156582648
-0.577401316211712,4.25201720941575
-0.575414259463099,4.24107373723993
-0.573290258283067,4.22944257166424
-0.571022924363605,4.21712517742971
-0.568605565748785,4.20412306833486
-0.566031207831629,4.19043781547017
-0.563292616446509,4.17607105725164
-0.560382323258289,4.16102451152457
-0.557292653667362,4.14529999003457
-0.554015757467941,4.12889941558914
-0.550543642515147,4.11182484226095
-0.546868211674034,4.09407847901067
-0.542981303340006,4.07566271713383
-0.538874735834244,4.05658016196065
-0.534540355988582,4.03683366925898
-0.52997009224032,4.01642638680673
-0.525156012556881,3.99536180160945
-0.52009038750087,3.97364379323777
-0.51476575872527,3.95127669374576
-0.50917501315317,3.92826535460003
-0.503311463042905,3.90461522099724
-0.49716893206385,3.8803324138682
-0.49074184740583,3.85542381975474
-0.484025337811643,3.82989718859511
-0.477015337252756,3.80376123925759
-0.469708693758541,3.77702577241503
-0.462103282655928,3.74970179004928
-0.454198123176848,3.72180162051071
-0.445993497045593,3.69333904763305
-0.437491067270325,3.66432944192035
-0.428693994940109,3.63478989129012
-0.419607051383776,3.60473932828815
-0.410236722598866,3.57419865011068
-0.400591302434157,3.54319082721036
-0.390680970641226,3.51174099576547
-0.380517851639296,3.47987652890843
-0.370116049708233,3.44762708139729
-0.359491656383641,3.41502460243324
-0.348662726119686,3.38210331163578
-0.337649216845039,3.3488996338332
-0.326472892885454,3.31545208933698
-0.315157188861542,3.28180113774632
-0.303727034563215,3.24798897503799
-0.292208642393287,3.21405928566287
-0.280629260672008,3.18005695348118
-0.269016897786632,3.14602773747625
-0.257400023725065,3.11201792012603
-0.245807256817923,3.07807393791386
-0.234267044411258,3.0442420045742
-0.222807346614804,3.01056773818448
-0.211455332172611,2.97709580307427
-0.20023709488852,2.94386957673394
-0.189177397961755,2.91093085053976
-0.178299452143953,2.8783195712929
-0.167624731943679,2.84607362846076
-0.15717283231662,2.81422868978481
-0.146961366524261,2.78281808575365
-0.137005904238264,2.75187274147779
-0.127319947601055,2.72142115285546
-0.117914941881125,2.69148940265115
-0.108800316606955,2.6621012112456
-0.0999835526195415,2.63327801634295
-0.0914702703209005,2.60503907579732
-0.0832643344700608,2.57740158788563
-0.0753679711370689,2.55038082373953
-0.0677818928160296,2.52399026718722
-0.0605054281707364,2.49824175788303
-0.0535366533981162,2.47314563426607
-0.0468725227110223,2.4487108735462
-0.0405089959369885,2.42494522653571
-0.0344411616856336,2.40185534570758
-0.0286633549437211,2.37944690535524
-0.023169268308374,2.35772471314856
-0.0179520563648561,2.33669281272888
-0.0130044329580028,2.31635457726471
-0.00831876130009037,2.29671279410767
-0.00388713700812526,2.27776974085116
0.000298535723918305,2.25952725321191
0.00424647453159584,2.24198678523356
0.00796495552431515,2.22514946235936
0.0114622557931263,2.20901612794472
0.0147466013908624,2.19358738378476
0.0178261203896217,2.17886362522235
0.0207088006263386,2.16484507138198
0.0234024517599582,2.15153179104785
0.0259146712813599,2.13892372467236
0.0282528141379864,2.12702070296708
0.03042396565779,2.11582246249251
0.032434917480623,2.10532865862704
0.0342921462288087,2.09553887626101
0.0360017946718117,2.08645263852774
0.0375696551622988,2.07806941385175
0.0390011551422108,2.07038862156437
0.0403013445376088,2.06340963630861
0.0414748848799503,2.05713179142965
0.0425260400090862,2.05155438152285
0.04345866822968,2.04667666428938
0.0442762158080008,2.0424978618291
0.0449817117102095,2.03901716148155
0.0455777634964397,2.03623371630898
0.0460665542972668,2.0341466452993
0.0464498408106693,2.03275503335222
0.0467289522684125,2.03205793109824
0.0469047903310276,2.03205435458759
0.0469778298803222,2.03274328487381
0.0469481206877293,2.03412366750574
0.0468152899458712,2.03619441193037
0.0465785456595778,2.03895439079839
0.0462366809013263,2.04240243915394
0.0457880789447526,2.04653735347936
0.0452307192985893,2.05135789055547
0.044562184672199,2.05686276608694
0.043779668912847,2.06305065303135
0.0428799859640812,2.06992017955909
0.041859579904103,2.0774699265592
0.0407145361328928,2.08569842459351
0.0394405937871382,2.0946041501884
0.0380331594727446,2.10418552133883
0.0364873224159146,2.11444089208502
0.0347978711454664,2.12536854600564
0.0329593118312182,2.13696668845516
0.0309658884158359,2.14923343735508
0.0288116046904535,2.16216681233079
0.0264902484774851,2.17576472196647
0.0239954180971638,2.19002494893131
0.0213205513071838,2.20494513271079
0.0184589569170274,2.2205227496574
0.0154038492896317,2.23675509005702
0.0121483859523744,2.25363923189036
0.0086857085461417,2.27117201095453
0.00500898734450794,2.28934998699945
0.00111146957361043,2.30816940552833
-0.00301346824430199,2.32762615491297
-0.0073722637161322,2.34771571848537
-0.011971107589818,2.36843312128919
-0.0168158782080993,2.38977287121122
-0.0219120713115762,2.41172889426758
-0.0272647251680793,2.43429446389483
-0.0328783410953946,2.45746212419761
-0.0387567995577859,2.48122360723454
-0.0449032721563433,2.50556974458787
-0.0513201300013533,2.53049037366284
-0.0580088491532819,2.55597423940218
-0.0649699140480245,2.58200889238196
-0.0722027200805613,2.60858058457489
-0.0797054768055067,2.63567416442342
-0.0874751135167656,2.66327297325042
-0.0955071892815911,2.69135874543639
-0.103795809812677,2.71991151519445
-0.112333553847084,2.74890953315198
-0.121111411940041,2.77832919627495
-0.130118740748507,2.80814499491169
-0.139343235944862,2.83832948085182
-0.14877092683559,2.86885326025307
-0.158386195536199,2.89968501504993
-0.168171823149992,2.93079155599224
-0.178109064802816,2.9621379097539
-0.188177754599624,2.99368744160014
-0.198356440609612,3.0254020139286
-0.208622548891095,3.05724217964873
-0.218952574390063,3.0891674079058
-0.229322295358006,3.12113633817814
-0.239707006816554,3.15310705738405
-0.250081767632981,3.18503739343423
-0.260421655040418,3.21688521775762
-0.270702020002914,3.24860874879393
-0.28089873672874,3.2801668483343
-0.290988439887113,3.3115193029185
-0.300948743665006,3.34262708323527
-0.310758437664911,3.37345257556225
-0.320397655721693,3.40395978063278
-0.329848014923193,3.43411447682094
-0.339092723367098,3.46388434608231
-0.348116656392232,3.49323906257017
-0.35690640211552,3.52215034517744
-0.365450278033427,3.55059197636906
-0.373738321176308,3.57853979052922
-0.381762254823012,3.60597163564023
-0.389515435096224,3.63286731244371
-0.396992780884646,3.65920849533657
-0.404190690504052,3.6849786391611
-0.411106948347846,3.71016287580295
-0.417740624522935,3.73474790415642
-0.424091970150196,3.75872187659386
-0.430162310659069,3.7820742846202
-0.435953939045965,3.80479584593385
-0.441470010714684,3.82687839467264
-0.446714441186861,3.84831477621405
-0.451691807670368,3.86909874753204
-0.456407255208393,3.88922488379335
-0.460866407903448,3.9086884916052
-0.465075285518428,3.92748552910239
-0.469040225599058,3.9456125328822
-0.472767811135644,3.96306655165444
-0.476264803683516,3.9798450863684
-0.479538081787076,3.99594603650123
-0.482594584498433,4.01136765214087
-0.485441259744632,4.02610849146406
-0.488085017274345,4.04016738319467
-0.490532685902865,4.0535433936238
-0.492790974770833,4.06623579777992
-0.494866438335357,4.0782440543504
-0.496765444820292,4.08956778397449
-0.498494147864124,4.10020675054969
-0.500058461117949,4.11016084521742
-0.501464035561611,4.11943007271913
-0.50271623932249,4.1280145398393
-0.503820139798138,4.13591444567711
-0.504780487900654,4.14313007351295
-0.505601704256967,4.14966178405957
-0.506287867215012,4.15551000991024
-0.506842702520908,4.16067525101745
-0.507269574546687,4.16515807105568
-0.507571478961789,4.1689590945406
-0.507751036754537,4.17207900459482
-0.507810489522051,4.17451854126631
-0.507751695958681,4.17627850032174
-0.507576129484064,4.17735973245084
-0.507284876962398,4.17776314283203
-0.506878638474565,4.17748969102232
-0.506357728114356,4.17654039114707
-0.505722075789393,4.17491631237678
-0.50497123001637,4.17261857968999
-0.504104361709166,4.16964837493242
-0.503120268967099,4.16600693819361
-0.502017382879317,4.16169556953354
-0.500793774370038,4.15671563110256
-0.499447162118083,4.15106854970963
-0.497974921593042,4.14475581990496
-0.496374095259386,4.13777900765501
-0.494641404009039,4.13013975470014
-0.492773259892269,4.12183978369755
-0.490765780226344,4.11288090426502
-0.488614803171106,4.10326502005458
-0.486315904870551,4.09299413699897
-0.483864418269447,4.08207037288777
-0.481255453723961,4.07049596844473
-0.478483921535103,4.05827330009221
-0.475544556543165,4.04540489460313
-0.472431944930191,4.03189344585475
-0.469140553385351,4.01774183391196
-0.465664760794558,4.00295314667958
-0.461998892620254,3.98753070437307
-0.458137258139253,3.97147808706465
-0.45407419070522,3.95479916556485
-0.449804091196664,3.93749813589893
-0.4453214748003,3.91957955762948
-0.440621021261893,3.90104839626161
-0.435697628710799,3.8819100699419
-0.430546471128788,3.8621705006256
-0.425163059486527,3.84183616983536
-0.419543306510502,3.82091417906761
-0.413683594967239,3.79941231481567
-0.407580849258555,3.77733911807043
-0.40123261000973,3.75470395802697
-0.394637111200521,3.7315171095669
-0.387793359236379,3.70778983390071
-0.380701213184305,3.68353446154161
-0.373361465206055,3.6587644765435
-0.36577592001403,3.63349460067491
-0.357947471957299,3.60774087592335
-0.349880178124245,3.58152074343941
-0.341579325634329,3.55485311675029
-0.333051491097153,3.52775844681248
-0.324304590057655,3.50025877625415
-0.315347914139402,3.47237778000008
-0.306192153562239,3.4441407894005
-0.296849402765132,3.41557479702499
-0.287333147027037,3.38670843945568
-0.277658228262008,3.35757195573896
-0.26784078857729,3.32819711964391
-0.257898190724589,3.29861714452788
-0.247848915234816,3.26886656041439
-0.2377124347837,3.23898106381889
-0.227509067156782,3.20899734187191
-0.217259809024207,3.17895287333359
-0.206986153547652,3.14888571010259
-0.196709895569413,3.11883424372825
-0.18645292872456,3.08883696216971
-0.17623703922549,3.05893220255207
-0.166083701260836,3.02915790590494
-0.15601387891035,2.9995513798121
-0.146047839205146,2.97014907455344
-0.136204980478341,2.94098637770933
-0.126503679490413,2.91209743136771
-0.116961160024739,2.88351497508923
-0.107593384786897,2.85527021671446
-0.0984149715628266,2.82739273201257
-0.0894391337482244,2.79991039313763
-0.0806776445987617,2.77284932493267
-0.0721408239005757,2.74623388734208
-0.0638375452436381,2.72008668158464
-0.0557752617052008,2.69442857731024
-0.0479600475141548,2.66927875770863
-0.0403966531587575,2.64465477944259
-0.0330885714027865,2.62057264431686
-0.026038111768305,2.597046879743
-0.0192464812052644,2.57409062528863
-0.0127138688781655,2.55171572288325
-0.00643953323896256,2.52993280856593
-0.00042188980708717,2.50875140398389
0.00534140167117743,2.48818000616928
0.0108533517706871,2.46822617442214
0.0161175585057295,2.44889661340286
0.0211381276794996,2.43019725178282
0.0259195969476145,2.41213331601495
0.0304668639251713,2.39470939896624
0.03478511853759,2.37792952330424
0.0388797797088591,2.36179719964982
0.0427564363948265,2.34631547960374
0.046420792901579,2.33148700382661
0.0498786183773494,2.31731404540466
0.053135700328449,2.30379854876976
0.0561978019832324,2.29094216446523
0.0590706233110604,2.2787462800604
0.0617597654938192,2.26721204752012
0.064270698644235,2.25634040733158
0.0666087325666327,2.24613210968178
0.0687789903608103,2.23658773296674
0.0707863846773915,2.22770769989765
0.0726355964426198,2.21949229145264
0.0743310558814557,2.21194165890446
0.0758769256795469,2.20505583413586
0.0772770861367872,2.19883473843579
0.0785351221774813,2.19327818995116
0.0796543120943786,2.18838590995088
0.0806376179158784,2.18415752804149
0.0814876772974497,2.18059258645714
0.0822067968496853,2.17769054353049
0.0827969468263884,2.17545077643599
0.0832597571066736,2.17387258328242
0.0835965144152508,2.1729551846177
0.083808160734884,2.17269772439554
0.0838952928745008,2.17309927044116
0.0838581631656188,2.17415881444052
0.083696681268685,2.17587527146606
0.0834104170796471,2.17824747904026
0.0829986047356246,2.18127419572682
0.0824601477269715,2.18495409922852
0.0817936251313564,2.18928578395928
0.0809972989937595,2.19426775804742
0.080069122884535,2.19989843971553
0.0790067516759219,2.20617615297179
0.077807552585615,2.21309912253595
0.0764686175442367,2.22066546791201
0.0749867769517387,2.22887319650827
0.073358614895894,2.23772019569372
0.0715804859140299,2.24720422366834
0.0696485333869221,2.25732289901335
0.0675587096611858,2.26807368877617
0.0653067980033981,2.279453894934
0.0628884364953462,2.29146063906969
0.0602991439849509,2.30409084508427
0.0575343482112199,2.31734121976273
0.0545894162236355,2.33120823100343
0.0514596872161695,2.34568808351805
0.0481405078930587,2.36077669180867
0.0446272704768758,2.37646965023218
0.040915453458481,2.39276219997097
0.0370006651722415,2.40964919274406
0.0328786902574277,2.427125051115
0.0285455390368279,2.4451837252849
0.0239974998051698,2.46381864630052
0.0192311939716624,2.48302267566216
0.0142436339416444,2.50278805138381
0.00903228355080022,2.52310633064234
0.00359512078069349,2.54396832925242
