0,5.15971432771526
0,5.16171432771526
-9.94302093611786e-05,5.16301638955752
-0.000299187855898389,5.16362177063652
-0.000599733330440201,5.16353169361435
-0.00100109436366204,5.16274734533427
-0.0015028693439846,5.16126987578935
-0.00210422977398025,5.1591003971622
-0.00280392187147919,5.15623998294148
-0.00360026733017101,5.15268966711012
-0.00449116326287657,5.14845044339031
-0.00547408135874713,5.14352326452067
-0.00654606629336256,5.13790904153195
-0.00770373343798256,5.13160864297923
-0.00894326592099655,5.12462289408128
-0.0102604111008636,5.11695257571092
-0.0116504765154881,5.10859842317464
-0.0131083253780004,5.09956112471544
-0.0146283716932766,5.08984131966925
-0.0162045750732162,5.07943959620343
-0.0178304353318048,5.06835648856503
-0.0194989869433173,5.05659247376716
-0.0212027934487142,5.04414796764398
-0.0229339418963777,5.03102332020823
-0.0246840374039125,5.0172188102506
-0.0264441979278935,5.00273463912664
-0.0282050493282922,4.9875709236852
-0.0299567208140355,4.97172768830239
-0.0316888408559046,4.95520485599627
-0.033390533653021,4.9380022386107
-0.0350504162397267,4.92011952607151
-0.0366565963210712,4.901556274735
-0.0381966709276935,4.8823118948667
-0.0396577259850398,4.86238563730947
-0.0410263368980116,4.8417765794221
-0.0422885702607917,4.82048361039518
-0.0434299868132984,4.79850541607887
-0.0444356457810674,4.77584046348832
-0.0452901107550515,4.75248698518814
-0.0459774572925967,4.72844296379641
-0.046481282451549,4.70370611689445
-0.0467847165069857,4.67827388267967
-0.0468704371454734,4.65214340675855
-0.0467206864861641,4.62531153054483
-0.0463172913426745,4.5977747818075
-0.0456416872158812,4.5695293680048
-0.0446749465969314,4.54057117314748
-0.0433978122633715,4.51089575905785
-0.0417907363708149,4.48049837203515
-0.039833926279388,4.44937395610263
-0.0375073982094801,4.41751717420215
-0.0347910399958293,4.38492243891829
-0.0316646844027633,4.35158395455908
-0.0281081946754345,4.31749577269307
-0.0241015642294535,4.28265186354289
-0.0196250326193668,4.24704620595811
-0.0146592201664912,4.2106728990274
-0.00918528385567443,4.17352629872845
-0.00318509730936244,4.13560118333149
0.00335854221134961,4.09689295153728
0.0104616767826887,4.0573978574991
0.0181389178737817,4.01711328688769
0.0264031408923507,3.97603807792966
0.0352651422287045,3.93417289077935
0.0447332577898091,3.89152062754713
0.0548129434938897,3.84808690365891
0.0655063202844911,3.80388056880515
0.0768116890278147,3.75891427240265
0.0887230242545416,3.71320506412144
0.101229460110172,3.66677501457996
0.114314786992949,3.6196518348761
0.127956982936115,3.57186946648787
0.142127809376276,3.52346860580312
0.156792505847527,3.47449712099376
0.171909621421987,3.42501031432405
0.187431021283828,3.37507098169472
0.203302103562562,3.32474922473477
0.219462253575458,3.2741219802432
0.235845549584111,3.2232722477583
0.252381716532705,3.17228801792374
0.268997303501045,3.1212609302343
0.285617039249358,3.07028471550709
0.302165301373792,3.01945350202773
0.318567621383841,2.96886008071739
0.334752142896826,2.9185942307482
0.350650954202237,2.86874120147207
0.366201229081778,2.81938043017422
0.381346128831767,2.77058455086261
0.396035440771934,2.72241872115743
0.410225950751496,2.67494026669393
0.423881566392359,2.62819861893526
0.436973222145541,2.58223550521621
0.44947860593798,2.53708534001039
0.46138175052339,2.49277576334491
0.472672531587228,2.44932827463448
0.48334611048311,2.40675891625634
0.493402353502007,2.3650789692515
0.502845252910841,2.32429563221323
0.511682368470087,2.28441266270111
0.519924302278725,2.24543096778143
0.527584214870432,2.20734913625472
0.534677386576083,2.17016390973966
0.541220825226746,2.13387059314149
0.547232919179583,2.09846340732394
0.552733133258301,2.06393578823339
0.557741744359249,2.03028063749733
0.562279613046601,1.99749052981252
0.566367987328659,1.96555788240221
0.570028334878188,1.93447509156998
0.573282200160185,1.90423464100026
0.576151083206662,1.8748291860129
0.578656337091066,1.84625161751735
0.580819081478274,1.81849510895714
0.582660129941898,1.79155314910815
0.584199929038206,1.76541956320088
0.585458507398992,1.7400885244853
0.586455433351614,1.71555455804491
0.587209779792379,1.69181253839451
0.587740095230476,1.6688576821602
0.588064380085329,1.64668553693702
0.588200067462711,1.62529196724566
0.588164007756549,1.60467313836126
0.58797245652643,1.58482549866053
0.587641065187559,1.56574576102579
0.587184874122505,1.54743088375273
0.586618307884443,1.5298780513303
0.585955172211373,1.51308465539449
0.58520865261173,1.49704827610041
0.584391314315092,1.48176666410811
0.583515103408669,1.46723772333548
0.582591349002001,1.45345949459511
0.58163076627965,1.44043014020086
0.580643460315547,1.42814792960287
0.579638930533763,1.41661122608668
0.578626075709316,1.40581847455223
0.577613199409895,1.39576819037167
0.576608015785356,1.38645894931096
0.575617655617027,1.37788937848835
0.574648672543505,1.3700581483334
0.573707049383987,1.36296396550303
0.57279820448446,1.35660556670542
0.571926998016507,1.35098171337895
0.571097738163017,1.34609118717132
0.570314187130025,1.34193278616341
0.569579566929096,1.33850532178323
0.568896564880249,1.33580761635715
0.568267338791367,1.33383850124893
0.567693521776306,1.33259681554067
0.567176226680483,1.33208140521486
0.566716050089585,1.33229112280198
0.566313075904023,1.33322482746366
0.565966878468937,1.33488138548801
0.565676525256752,1.33725967117959
0.565440579106491,1.34035856813301
0.565257100031139,1.34417697088527
0.565123646611363,1.34871378694765
0.565037277000574,1.35396793922357
0.564994549572861,1.35993836882363
0.564991523251454,1.36662403829319
0.565023757561202,1.37402393527102
0.565086312453995,1.38213707660048
0.565173747961136,1.39096251291539
0.565280123731337,1.40049933372365
0.565398998517394,1.41074667301018
0.565523429678652,1.42170371537894
0.565645972770182,1.43336970274982
0.565758681293327,1.44574394162106
0.565853106685965,1.45882581090162
0.56592029863467,1.47261477030891
0.565950805795132,1.48711036931804
0.565934677011879,1.50231225663627
0.56586146313385,1.51822019016295
0.565720219528879,1.53483404737922
0.565499509408118,1.55215383609337
0.565187408081092,1.57017970544744
0.56477150827393,1.58891195706674
0.564238926657778,1.60835105620752
0.563576311751987,1.6284976427278
0.562769853387918,1.64935254167209
0.561805293944771,1.67091677322173
0.56066794159935,1.69319156171834
0.55934268586785,1.71617834341741
0.557814015760431,1.73987877257144
0.556066040919217,1.76429472537639
0.554082516168454,1.78942830123984
0.551846869972538,1.81528182074406
0.549342237374519,1.84185781957912
0.546551498075052,1.86915903761079
0.543457320410364,1.89718840212241
0.540042212097842,1.92594900412938
0.536288578739253,1.955444066508
0.532178791203644,1.9856769025073
0.527695263152978,2.01665086302473
0.5228205401205,2.04836927082574
0.517537401700046,2.08083533967886
0.511828978546771,2.1140520761689
0.505678886015776,2.14802216175269
0.499071376360594,2.18274781245116
0.491991511458848,2.2182306134513
0.484425358002252,2.25447132585271
0.476360206949421,2.29146966287659
0.46778481875206,2.32922403311225
0.458689695378661,2.36773124887002
0.449067379418172,2.40698619851495
0.438912779487165,2.44698148285567
0.428223519725331,2.4877070173433
0.417000309291028,2.52914960407518
0.405247325426364,2.57129248045407
0.392972600852808,2.61411485483512
0.38018840304548,2.6575914435391
0.366911589462971,2.70169202804923
0.353163919333407,2.74638105573342
0.33897229949386,2.79161731156895
0.324368939549542,2.83735369145755
0.30939139085554,2.88353710903837
0.29408244514792,2.93010856662291
0.27848987260084,2.97700341627782
0.262665985974288,3.02415182873749
0.246667027277481,3.07147947579714
0.230552385441766,3.11890841681894
0.214383666774024,3.16635816338072
0.198223652898702,3.21374687989215
0.182135191723559,3.26099266447083
0.166180074023528,3.30801484563382
0.15041795034545,3.35473522791982
0.134905339671342,3.40107922392322
0.119694773093106,3.44697682076663
0.104834103882935,3.49236334413447
0.0903660015291434,3.5371800003805
0.0763276334114598,3.58137419451613
0.0627505254427218,3.62489963702766
0.0496605833454297,3.66771626406004
0.0370782498086643,3.70979000291745
0.0250187695777069,3.75109241815217
0.0134925341448476,3.79160027334527
0.00250547947751961,3.83129504091053
-0.00794048658975224,3.87016238782808
-0.0178470467350678,3.90819165999706
-0.0272190415981245,3.94537538256881
-0.0360640536516327,3.98170878865738
-0.0443920153422082,4.01718938450374
-0.0522148464009613,4.05181655561768
-0.0595461228658809,4.08559121564643
-0.0664007785575442,4.11851549766305
-0.0727948384410669,4.15059248612828
-0.0787451824100264,4.18182598684685
-0.0842693374600642,4.21222033170048
-0.0893852959048636,4.24178021469697
-0.0941113571592393,4.27051055584279
-0.0984659906186966,4.29841638945877
-0.102467717258774,4.32550277376151
-0.106135007727609,4.35177471878841
-0.109486194886772,4.37723713002308
-0.112539398950824,4.40189476536131
-0.115312463572851,4.42575220333194
-0.117822901413427,4.44881382074517
-0.120087847908758,4.47108377817764
-0.122124022117552,4.49256601191745
-0.12394769367397,4.51326423118335
-0.125574655005743,4.533181919601
-0.127020198092684,4.55232234006675
-0.128299095142257,4.5706885422589
-0.129425582646813,4.58828337216795
-0.130413348362865,4.60510948311444
-0.13127552081758,4.62116934780713
-0.13202466100292,4.63646527106605
-0.132672755964675,4.65099940289762
-0.133231214033163,4.66477375166284
-0.133710861475682,4.67779019712547
-0.134121940378743,4.69005050320732
-0.134474107591591,4.7015563303119
-0.134776434582227,4.71230924710692
-0.135037408073751,4.72231074168168
-0.135264931342876,4.73156223201659
-0.135466326074461,4.74006507572055
-0.135648334676283,4.74782057900707
-0.135817122967324,4.7548300048932
-0.13597828316098,4.76109458061543
-0.136136837071974,4.76661550426569
-0.136297239482645,4.77139395065718
-0.1364633816108,4.77543107643458
-0.13663859462764,4.77872802444744
-0.136825653180462,4.78128592740738
-0.137026778880977,4.7831059108515
-0.137243643726227,4.78418909543458
-0.137477373425259,4.78453659857231
-0.137728550610895,4.78414953545674
-0.137997217922184,4.78302901946382
-0.138282880949363,4.78117616197091
-0.138584511039394,4.77859207160026
-0.138900547966393,4.7752778529024
-0.139228902477416,4.77123460449155
-0.139566958730195,4.76646341664349
-0.139911576645438,4.76096536836504
-0.140259094202226,4.75474152394353
-0.140605329710894,4.74779292898479
-0.14094558410351,4.74012060594848
-0.141274643287779,4.73172554919148
-0.141586780615874,4.72260871953266
-0.141875759525401,4.71277103835569
-0.142134836415589,4.70221338127213
-0.142356763827847,4.69093657137277
-0.14253379400628,4.67894137210364
-0.142657682920706,4.66622847981206
-0.142719694842341,4.6527985160198
-0.142710607570886,4.63865201949348
-0.142620718421399,4.62378943819777
-0.142439851090481,4.60821112123471
-0.142157363534094,4.59191731089293
-0.141762157004254,4.57490813495388
-0.141242686409179,4.55718359942858
-0.140586972181664,4.53874358192885
-0.139782613863983,4.51958782591133
-0.138816805644905,4.49971593607121
-0.137676354115976,4.47912737520724
-0.136347698550619,4.45782146292893
-0.134816934051321,4.43579737663383
-0.133069837957687,4.41305415524588
-0.131091899962037,4.38959070627745
-0.128868356439691,4.36540581685793
-0.126384229568548,4.34049816946024
-0.123624371886903,4.31486636315602
-0.120573517019476,4.28850894133772
-0.11721633738846,4.26142442696349
-0.113537509817841,4.23361136650615
-0.109521790032897,4.20506838391862
-0.105154097149375,4.17579424606239
-0.100419609333581,4.14578794117672
-0.0953038718886273,4.11504877208734
-0.0897929190744329,4.08357646595418
-0.0838734109876085,4.05137130242251
-0.0775327867967137,4.01843426205427
-0.0707594355290223,3.9847671968494
-0.0635428854131041,3.95037302449352
-0.0558740124689367,3.9152559476494
-0.0477452685715682,3.8794216991049
-0.0391509285603759,3.84287781285167
-0.03008735508799,3.80563392014774
-0.020553278768663,3.76770206826786
-0.0105500897722484,3.72909705793139
-8.21353114391042e-05,3.68983679330485
0.0108429844911051,3.64994263602272
0.0222141320301564,3.60943975192752
0.0340163708600785,3.56835743633571
0.0462307416241078,3.52672940080923
0.058834091155169,3.48459400196539
0.0717989717962344,3.44199439118316
0.0850936281545566,3.39897856361307
0.0986820873248639,3.35559928612832
0.112524365804783,3.3119138871469
0.126576801730783,3.26798389682006
0.140792514747302,3.22387453385698
0.15512198811941,3.17965404482432
0.169513759233042,3.13539291233186
0.183915196264273,3.09116295898173
0.198273331542913,3.04703638303257
0.212535716958048,3.00308476816616
0.226651264410578,2.95937811257908
0.240571035191045,2.91598392138186
0.254248946167288,2.87296640110147
0.267642367269303,2.83038578666116
0.280712593076933,2.78829782070283
0.293425180298127,2.74675339387781
0.305750151545021,2.70579834406682
0.31766207323469,2.66547340344867
0.32914002111551,2.62581427557884
0.340167450622029,2.58685182041247
0.350731991047694,2.54861232339546
0.360825182658913,2.51111782498245
0.370442174735345,2.47438648871364
0.37958140052308,2.43843298875479
0.388244242613911,2.40326890108734
0.396434699633252,2.36890308593196
0.404159062567347,2.33534205221229
0.41142560674269,2.30259029773664
0.418244303472414,2.27065062120188
0.424626553737586,2.23952440408095
0.430584944969384,2.20921186196475
0.436133031011287,2.17971226603885
0.441285134626209,2.15102413614581
0.44605617142549,2.1231454073794
0.450461493789314,2.09607357243768
0.454516753180209,2.06980580208049
0.458237779187273,2.04433904603941
0.4616404736493,2.0196701166496
0.46474071826646,1.99579575734292
0.467554294204496,1.97271269798027
0.470096812308572,1.95041769882599
0.472383652666012,1.92890758478722
0.474429912380873,1.90817927136618
0.476250360543792,1.88822978360689
0.477859399494651,1.86905626916285
0.479271031581352,1.85065600647134
0.480498830714542,1.83302640889148
0.481555918105077,1.8161650255496
0.482454941648566,1.80006953953314
0.483208058489887,1.78473776398501
0.483826920360803,1.77016763657124
0.484322661336341,1.75635721272549
0.484705887701294,1.74330465801381
0.484986669657744,1.73100823991011
0.485174534638655,1.71946631922715
0.485278462022013,1.70867734140804
0.485306879065355,1.69863982784866
0.485267657902405,1.68935236739184
0.485168113462428,1.68081360810799
0.485015002189319,1.67302224945523
0.484814521451772,1.66597703489269
0.484572309548433,1.65967674500463
0.484293446223143,1.6541201911792
0.483982453615387,1.64930620987417
0.483643297580159,1.64523365749191
0.483279389319852,1.64190140587828
0.482893587278568,1.63930833845295
0.482488199256593,1.63745334697347
0.482064984709836,1.63633532893104
0.481625157205774,1.63595318557226
0.48116938701401,1.63630582053837
0.480697803816021,1.63739213911117
0.480209999524976,1.63921104805286
0.479705031212757,1.64176145602552
0.479181424147571,1.64504227457399
0.478637174951663,1.64905241965469
0.478069754894879,1.65379081369068
0.477476113346014,1.65925638813134
0.476852681410134,1.6654480864922
0.476195375786441,1.67236486784729
0.47549960288773,1.68000571074231
0.474760263269221,1.68836961749208
0.473971756421538,1.69745561881966
0.473127985989949,1.70726277878776
0.472222365489914,1.71779019996423
0.471247824597385,1.72903702875414
0.470196816101644,1.74100246081876
0.469061323618594,1.75368574648925
0.467832870173834,1.76708619606676
0.466502527777518,1.78120318488361
0.465060928127367,1.79603615798002
0.463498274592366,1.81158463422789
0.461804355648102,1.82784820970753
0.459968559955494,1.8448265601139
0.457979893298333,1.86251944193594
0.455826997621754,1.88092669211569
0.453498172443947,1.90004822585229
0.450981398947286,1.91988403216949
0.448264367092893,1.94043416681404
0.445334506144674,1.96169874199474
0.44217901903509,1.98367791240935
0.438784921055315,2.00637185693751
0.435139083406677,2.02978075530348
0.431228282207746,2.05390475893254
0.427039253611176,2.07874395514082
0.422558755744795,2.1042983237113
0.417773638250267,2.13056768482141
0.412670920246786,2.15755163720294
0.407237877592354,2.18524948533877
0.401462140345692,2.21366015443837
0.395331801340338,2.24278209189517
0.388835536759698,2.27261315392433
0.381962739536368,2.30315047612313
0.374703666276793,2.33439032680693
0.367049598217114,2.36632794217042
0.35899301642903,2.39895734263313
0.350527791095341,2.43227113017537
0.341649384142606,2.4662602670852
0.332355063833157,2.50091383734612
0.322644129064977,2.53621879292295
0.312518140097699,2.57215968846316
0.301981151221416,2.60871840942243
0.291039939536053,2.64587390032072
0.279704222562521,2.68360190168117
0.267986855944315,2.72187470610001
0.255904001137805,2.76066094569425
0.243475251886709,2.79992542467941
0.230723707619018,2.839629011801
0.217675981899249,2.87972860751331
0.204362134917234,2.92017719990414
0.190815520860391,2.96092402118362
0.177072543985807,3.00191481297061
0.16317232124973,3.04309220365033
0.149156254284085,3.08439619496583
0.135067518990831,3.1257647481751
0.120950486570755,3.16713445317387
0.106850094837759,3.20844125768787
0.0928111926064518,3.2496212287295
0.0788778822796598,3.29061131563076
0.0650928861812486,3.33135008351358
0.0514969605983495,3.3717783881333
0.0381283780973515,3.41183996738471
0.025022493871223,3.45148193085462
0.0122114062284074,3.49065513590529
-0.000276284531782555,3.52931444608214
-0.01241562011678,3.56741887442301
-0.0241853370579556,3.60493161993708
-0.0355678378745038,3.64182000977195
-0.046549092471748,3.67805536227637
-0.0571184828425454,3.71361278737002
-0.0672686042949873,3.74847094056434
-0.0769950357764932,3.78261174593344
-0.0862960906444291,3.81602010162555
