0,2.37887291029133
0,2.38087291029133
-0.000140995839430317,2.38345416536061
-0.000423446027962804,2.38661513490464
-0.000847992356255353,2.39035411148828
-0.00141545282733925,2.39466921662337
-0.00212681333346225,2.39955839564756
-0.00298321806406334,2.40501941166051
-0.00398595862723954,2.41104983847837
-0.00513646186426277,2.41764705256164
-0.00643627633451212,2.42480822386775
-0.00788705744671857,2.43253030557594
-0.00949055121180293,2.44081002262922
-0.0112485765929757,2.4496438590372
-0.0131630064303264,2.45902804388343
-0.0152357469200538,2.46895853598236
-0.0174687156329851,2.47943100713486
-0.0198638180633408,2.49044082393679
-0.0224229227070666,2.50198302810329
-0.0251478346797499,2.51405231528279
-0.0280402678974363,2.5266430123489
-0.0311018158598428,2.53974905317634
-0.0343339210948089,2.55336395292915
-0.0377378433455659,2.56748078091553
-0.0413146266087738,2.58209213209479
-0.0450650651614055,2.59719009735771
-0.0489896687485246,2.61276623274253
-0.0530886271417562,2.62881152779472
-0.0573617743195876,2.64531637332975
-0.0618085525651778,2.66227052891341
-0.066427976824496,2.67966309043316
-0.0712185997164831,2.69748245819668
-0.076178477636389,2.71571630605651
-0.0813051384419944,2.73435155212345
-0.0865955512582945,2.75337433169167
-0.0920460989772539,2.77276997305403
-0.0976525540630203,2.79252297693325
-0.103410058296821,2.81261700029011
-0.109313107106842,2.83303484529032
-0.115355539123825,2.85375845421296
-0.121530531580181,2.87476891106236
-0.127830602126706,2.89604645059841
-0.134247617574601,2.91757047542562
-0.140772809980349,2.93931958167603
-0.147396800377045,2.96127159368654
-0.154109630318978,2.98340360790732
-0.160900801249288,3.00569204608819
-0.167759321526997,3.02811271757887
-0.174673760765155,3.05064089035321
-0.181632310942494,3.07325137013514
-0.188622853564569,3.09591858677446
-0.195633031974703,3.11861668680385
-0.20265032775849,3.14131963091485
-0.209662140055696,3.16400129493005
-0.216655866497028,3.18663557272949
-0.223618984425438,3.20919647951804
-0.230539131045931,3.23165825380164
-0.237404181175111,3.25399545647461
-0.244202321331007,3.27618306550697
-0.250922119011406,3.2981965648543
-0.257552586149823,3.32001202638791
-0.264083235905298,3.34160618384893
-0.270504132127475,3.36295649805902
-0.276805931033521,3.38404121285899
-0.28297991482989,3.40483940148729
-0.289018017202079,3.42533100334078
-0.294912840772563,3.44549685127388
-0.300657666785639,3.4653186897817
-0.306246457413982,3.48477918457359
-0.31167385119297,3.50386192417259
-0.316935152174258,3.52255141427373
-0.322026313450032,3.54083306565887
-0.32694391573525,3.55869317650178
-0.331685141709264,3.57611890990608
-0.336247746813174,3.59309826750461
-0.340630027178383,3.6096200599162
-0.344830785328135,3.62567387480801
-0.348849294250583,3.64125004325321
-0.352685260392007,3.65633960500811
-0.356338786064848,3.67093427326325
-0.359810331709484,3.68502639935227
-0.363100678392998,3.69860893783246
-0.366210890874157,3.71167541228436
-0.369142281512475,3.72421988211471
-0.371896375251485,3.73623691058952
-0.374474875862594,3.74772153427213
-0.37687963359665,3.75866923399449
-0.379112614355409,3.76907590744982
-0.381175870464715,3.77893784346021
-0.383071513104991,3.78825169794311
-0.384801686432448,3.79701447157694
-0.386368543405939,3.80522348914622
-0.387774223319266,3.81287638053123
-0.389020831026637,3.81997106329562
-0.390110417839567,3.8265057268169
-0.391044964066457,3.83247881789888
-0.391826363161023,3.83788902780232
-0.392456407442535,3.84273528062831
-0.392936775348966,3.84701672298985
-0.393269020183667,3.85073271490881
-0.393454560316645,3.85388282187852
-0.393494670802899,3.8564668080363
-0.393390476382292,3.858484630395
-0.393142945828026,3.85993643408789
-0.392752887613802,3.86082254858687
-0.392220946873078,3.86114348486029
-0.391547603627367,3.86089993344251
-0.390733172264225,3.86009276339395
-0.389777802249317,3.85872302213655
-0.388681480060707,3.856791936156
-0.387444032337203,3.85430091256808
-0.386065130236129,3.85125154155267
-0.384544294999297,3.84764559966438
-0.382880904729029,3.84348505403468
-0.381074202378921,3.8387720674849
-0.379123304966408,3.83350900457426
-0.377027214016164,3.82769843861122
-0.374784827244713,3.8213431596594
-0.372394951497374,3.81444618357209
-0.369856316948594,3.80701076209087
-0.367167592575779,3.79904039404444
-0.364327402914767,3.79053883768282
-0.361334346101915,3.78151012418028
-0.358187013203287,3.77195857233619
-0.354884008825407,3.76188880449752
-0.351423972994314,3.75130576371878
-0.347805604280054,3.74021473216531
-0.344027684132044,3.72862135075266
-0.34008910237676,3.71653163999951
-0.335988883812805,3.70395202205261
-0.331726215819391,3.69088934382022
-0.327300476872577,3.67735090112473
-0.322711265839095,3.66334446375612
-0.317958431890426,3.64887830127471
-0.313042104849896,3.63396120937536
-0.307962725753283,3.61860253658526
-0.302721077369119,3.60281221102458
-0.297318314388965,3.58660076691409
-0.291755992961263,3.56997937046698
-0.286036099205731,3.55295984475498
-0.280161076309879,3.53555469309241
-0.274133849776328,3.51777712043809
-0.267957850360917,3.49964105227588
-0.261637034218636,3.48116115040182
-0.255175899759309,3.46235282502267
-0.248579500709493,3.44323224255846
-0.241853454883288,3.4238163285442
-0.235003948184537,3.40412276504456
-0.228037733397763,3.38416998203287
-0.220962123376494,3.36397714224361
-0.21378497830593,3.34356411908693
-0.206514686802342,3.32295146731426
-0.199160140713325,3.30216038624563
-0.1917307035994,3.28121267550967
-0.184236173005865,3.26013068340245
-0.176686736770682,3.2389372481389
-0.169092923755238,3.2176556324425
-0.161465549524878,3.19630945209142
-0.153815657639848,3.17492259920372
-0.146154457338879,3.15351916119427
-0.138493258501846,3.13212333646456
-0.130843404859655,3.11075934798764
-0.123216206474924,3.08945135601882
-0.11562287254304,3.06822337119448
-0.108074445558636,3.04709916927572
-0.100581737857145,3.02610220874918
-0.0931552714767144,3.00525555241764
-0.0858052221951552,2.9845817940007
-0.0785413684840211,2.96410299062671
-0.0713730459923985,2.94384060193783
-0.0643091080321943,2.92381543635713
-0.0573578923904568,2.90404760488767
-0.0505271946482529,2.884556482636
-0.0438242480450778,2.86536067808239
-0.0372557097971878,2.84647800996289
-0.0308276536612438,2.82792549148924
-0.0245455684338514,2.80971932151357
-0.0184143619945959,2.79187488214885
-0.0124383704356617,2.77440674228259
-0.00662137177488045,2.75732866637104
-0.000966603720169712,2.74065362787189
0.00452321505969204,2.72439382666369
0.00984586070201078,2.70856070980723
0.0149995774860087,2.69316499502535
0.01998304924612,2.67821669631023
0.024795369341223,2.66372515110794
0.0294360096227285,2.64969904857748
0.0339047888053132,2.63614645847185
0.038201840603053,2.62307486024102
0.0423275819521544,2.610491172009
0.0462826816005841,2.59840177912763
0.0500680293055378,2.58681256205813
0.0536847058425748,2.57572892337631
0.0571339539958279,2.56515581373842
0.0604171506673067,2.5550977566817
0.0635357802150707,2.54555887216645
0.0664914091050262,2.53654289879514
0.0692856619392057,2.5280532146687
0.0719201989045209,2.52009285686065
0.0743966946699444,2.51266453950715
0.0767168187466707,2.50577067052484
0.0788822173147956,2.49941336697908
0.0808944965112107,2.49359446913386
0.0827552071664869,2.48831555322013
0.0844658309732976,2.48357794296368
0.0860277680651899,2.47938271991546
0.087442325982045,2.47573073262815
0.0887107099971932,2.47262260472212
0.0898340147806933,2.47005874188229
0.0908132173735964,2.46803933782476
0.0916491714489525,2.46656437926921
0.0923426028367566,2.46563364994895
0.092894106291869,2.46524673368658
0.0933041434860647,2.46540301655875
0.093573042207698,2.4661016881689
0.0937009967549114,2.46734174204192
0.0936880695108088,2.46912197515032
0.0935341936914689,2.47144098657643
0.093239177260034,2.47429717531101
0.0928027080022958,2.47768873718409
0.0922243597611493,2.48161366092012
0.0915035998289217,2.48606972330577
0.09063979749783,2.49105448345582
0.0896322337696012,2.49656527615998
0.0884801122255115,2.50259920429158
0.0871825710576737,2.50915313025836
0.0857386962612251,2.51622366647519
0.0841475359850292,2.52380716483964
0.0824081160354909,2.5318997051936
0.0805194565239682,2.54049708275754
0.0784805896429199,2.54959479452916
0.076290578549215,2.559188024645
0.0739485373248269,2.56927162871221
0.0714536519752912,2.57984011712846
0.0688052024147198,2.59088763742089
0.0660025853727056,2.60240795565066
0.0630453381430532,2.61439443694714
0.0599331630768638,2.62684002525683
0.0566659527030859,2.63973722241498
0.0532438153382575,2.65307806667396
0.0496671010239273,2.66685411085085
0.0459364276053527,2.68105640028744
0.0420527067388325,2.6956754508488
0.0380171695878555,2.71070122722062
0.0338313919406822,2.72612312180107
0.0294973184547076,2.74192993451794
0.0250172857068113,2.75810985393618
0.0203940437048599,2.7746504400532
0.0156307754947144,2.79153860920787
0.0107311144807278,2.80876062155247
0.00569915906714772,2.82630207155392
0.000539484224416666,2.84414788199847
-0.004742850410527,2.86228230197208
-0.0101422962759283,2.88068890927453
-0.0156528158190052,2.89935061769802
-0.0212678869343264,2.91824968955833
-0.026980512169283,2.9373677538096
-0.0327832328967921,2.95668583000032
-0.0386681485810546,2.97618435823983
-0.0446269411769766,2.99584323524283
-0.0506509046094018,3.01564185640486
-0.0567309791769115,3.03555916373917
-0.0628577906194744,3.0555736993763
-0.0690216934830666,3.07566366419807
-0.0752128183112391,3.095806981051
-0.0814211220974077,3.11598136186593
-0.0876364413462476,3.13616437790537
-0.0938485470216335,3.15633353227264
-0.10004720060522,3.17646633375119
-0.106222210456478,3.19654037100139
-0.112363487653423,3.216533386128
-0.118461100504014,3.23642334664484
-0.124505326950939,3.25618851490396
-0.13048670414584,3.27580751412238
-0.136396074540696,3.29525939022806
-0.14222462793105,3.31452366885372
-0.14796393898441,3.33358040692828
-0.153605999893522,3.35241023844599
-0.159143247904248,3.37099441412723
-0.16456858757756,3.38931483481868
-0.169875407750982,3.40735407860783
-0.175057593263622,3.42509542174582
-0.180109531598127,3.44252285357836
-0.185026114670549,3.45962108577632
-0.189802736064048,3.47637555623249
-0.194435284054034,3.49277242805039
-0.198920130810643,3.50879858409289
-0.203254118190075,3.52444161758508
-0.207434540540049,3.53968981927822
-0.21145912494773,3.55453216168067
-0.215326009352422,3.5689582808503
-0.219033718931512,3.58295845622217
-0.222581141148221,3.59652358891756
-0.225967499825068,3.60964517894758
-0.229192328579028,3.622315301688
-0.232255443924355,3.63452658396374
-0.235156918318059,3.64627218004228
-0.23789705339198,3.65754574779644
-0.240476353585012,3.66834142526011
-0.242895500359943,3.67865380776459
-0.245155327161934,3.6884779258107
-0.247256795250298,3.69780922380174
-0.249200970511985,3.7066435397349
-0.250989001344306,3.71497708592515
-0.252622097675798,3.72280643081427
-0.254101511177818,3.73012848189962
-0.255428516705291,3.73694046980206
-0.256604394992948,3.7432399334795
-0.257630416623206,3.74902470658244
-0.2585078272734,3.75429290493942
-0.259237834243243,3.75904291515432
-0.259821594257963,3.76327338429275
-0.260260202538388,3.76698321063194
-0.260554683126194,3.77017153544664
-0.260705980450409,3.7728377358033
-0.260714952119969,3.77498141833473
-0.260582362926503,3.77660241396916
-0.260308880041478,3.77770077358893
-0.259895069392252,3.7782767645967
-0.259341393202332,3.77833086836963
-0.258648208682195,3.777863778585
-0.257815767858201,3.77687640040395
-0.256844218528492,3.77536985050314
-0.255733606336033,3.77334545794758
-0.254483877950292,3.77080476590072
-0.253094885350161,3.76774953417112
-0.251566391201703,3.76418174259756
-0.249898075324987,3.76010359527678
-0.248089542244604,3.75551752564003
-0.24614032981841,3.75042620238582
-0.24404991893842,3.74483253627716
-0.241817744296668,3.73873968781145
-0.239443206206961,3.73215107577044
-0.236925683470912,3.72507038665565
-0.234264547273149,3.71750158501217
-0.231459176086214,3.70944892463918
-0.228508971560208,3.70091696068057
-0.225413375365631,3.69191056258181
-0.222171886950035,3.6824349278909
-0.218784082159943,3.67249559687115
-0.215249632668925,3.66209846788139
-0.211568326140727,3.65124981346534
-0.207740087042862,3.63995629707615
-0.203764998011104,3.62822499034423
-0.199643321648961,3.61606339077668
-0.195375522628471,3.60347943975515
-0.190962289939735,3.59048154067535
-0.186404559116786,3.5770785770472
-0.181703534246798,3.56327993034805
-0.176860709548927,3.54909549739555
-0.17187789028843,3.53453570697982
-0.166757212771999,3.51961153546883
-0.161501163151928,3.50433452107642
-0.156112594750741,3.48871677646074
-0.150594743605016,3.47277099930206
-0.144951241918307,3.45651048049571
-0.139186129109255,3.43994910958804
-0.133303860143154,3.42310137708251
-0.127309310844304,3.40598237325133
-0.121207779903312,3.38860778310516
-0.115004987318722,3.37099387720092
-0.108707069046476,3.35315749800698
-0.102320567673893,3.33511604159469
-0.0958524189869389,3.31688743448663
-0.0893099343600702,3.29849010556411
-0.0827007789658958,3.27994295301769
-0.0760329458759136,3.26126530641395
-0.06931472620193,3.24247688404681
-0.0625546755082365,3.22359774583953
-0.0557615768047664,3.20464824216165
-0.0489444005086036,3.18564895901959
-0.0421122618326111,3.16662066016714
-0.0352743761228833,3.14758422675966
-0.0284400127187035,3.12856059523971
-0.0216184479475496,3.10957069418959
-0.014818917891768,3.09063538091601
-0.00805057157172677,3.07177537854218
-0.00132242518214597,3.05301121437248
0.00535668200586973,3.0343631602649
0.0119781295038582,3.0158511756984
0.0185335547057022,2.99749485415678
0.0250148887719522,2.9793133733722
0.0314143889160391,2.96132544988111
0.0377246667892125,2.94354929824871
0.0439387127440065,2.92600259521656
0.0500499158395835,2.90870244892688
0.056052079533817,2.89166537327878
0.0619394330841062,2.87490726737883
0.0677066387497165,2.85844339996434
0.0733487949513802,2.84228839860303
0.0788614355979076,2.82645624341016
0.0842405258340253,2.81096026497269
0.0894824544983863,2.79581314613122
0.0945840236058544,2.78102692724325
0.099542435184242,2.76661301453522
0.104355275803418,2.75258219114464
0.109020499134997,2.73894463045672
0.113536406874695,2.7257099113502
0.11790162834798,2.71288703498402
0.122115099103899,2.70048444277788
0.126176038782958,2.68851003526487
0.130083928523654,2.67697119152215
0.133838488149551,2.66587478891435
0.137439653355353,2.65522722291371
0.140887553087011,2.64503442679011
0.144182487287917,2.63530189099221
0.147324905161168,2.62603468206729
0.150315384077021,2.61723746099281
0.153154609235223,2.60891450081484
0.155843354174063,2.60106970350999
0.158382462201799,2.59370661600529
0.160772828811609,2.58682844530725
0.163015385128374,2.58043807270515
0.16511108242438,2.57453806702571
0.167060877731313,2.56913069692663
0.168865720567648,2.56421794222441
0.170526540793611,2.55980150425906
0.17204423760009,2.55588281530285
0.173419669633275,2.55246304702489
0.174653646253028,2.54954311802523
0.1757469199202,2.54712370045466
0.176700179705929,2.54520522573643
0.177514045914488,2.54378788940688
0.178189065810263,2.54287165509104
0.178725710438898,2.54245625762826
0.179124372532423,2.54254120536184
0.17938536548823,2.54312578160462
0.179508923411957,2.54420904529095
0.179495202214657,2.54578983082328
0.179344281754923,2.54786674712004
0.179056169016932,2.55043817586933
0.178630802315493,2.55350226899158
0.178068056519121,2.55705694531284
0.177367749281881,2.56109988644946
0.176529648274035,2.5656285319042
0.175553479400517,2.57064007337399
0.1744389359947,2.57613144826983
0.173185688972826,2.58209933245088
0.171793397931785,2.58854013217669
0.170261723169468,2.59544997528458
0.168590338602782,2.60282470160306
0.166778945553337,2.61065985261727
0.164827287364879,2.61895066040884
0.162735164809631,2.62769203589966
0.160502452232714,2.63687855643836
0.158129114374832,2.64650445277834
0.155615223803254,2.65656359550786
0.152960978869961,2.66704948100601
0.150166722103509,2.677955217013
0.147232958927943,2.68927350791915
0.144160376587873,2.70099663989439
0.140949863143953,2.71311646599844
0.137602526387497,2.72562439143128
0.134119712507219,2.73851135910331
0.130503024325375,2.75176783572482
0.126754338905256,2.76538379863425
0.122875824317607,2.77934872360365
0.118869955340528,2.79365157387745
0.114739527856425,2.80828079071567
0.11048767170123,2.82322428572535
0.106117861716052,2.83846943527212
0.101633926750395,2.85400307726774
0.0970400563696983,2.86981151062713
0.0923408050289168,2.88588049768059
0.0875410934886762,2.9021952698106
0.0826462072716801,2.91874053655991
0.0776617919847667,2.93550049842557
0.072593845366424,2.95245886351383
0.0674487059604935,2.9695988681828
0.0622330383638196,2.98690330174392
0.056953815048019,3.00435453523034
0.0516182948123574,3.0219345541723
0.0462339979846463,3.03962499524686
0.0408086785485687,3.05740718659466
0.0353502934371741,3.07526219152167
0.0298669692915453,3.09317085523161
0.0243669670388868,3.1111138541667
0.0188586446935862,3.12907174747446
0.0133504188263425,3.14702503006666
0.00785072517866564,3.16495418669743
0.00236797892163893,3.18283974646074
-0.00308946493207803,3.20066233709507
-0.00851335045590992,3.21840273848548
-0.013895558583419,3.23604193477032
-0.0192281432607715,3.25356116449084
-0.0245033655454644,3.27094196826597
-0.0297137252642042,3.28816623352978
-0.0348519898954524,3.30521623593343
-0.0399112204004938,3.32207467708475
-0.044884793788943,3.33872471837395
-0.0497664222683655,3.35515001071141
-0.0545501688911935,3.37133472008011
-0.059230459673561,3.38726354887923
-0.0638020922184887,3.40292175310452
-0.0682602409286954,3.41829515547351
-0.0726004589412058,3.43337015465919
-0.076818676956145,3.44813373084225
-0.0809111991652876,3.46257344782999
-0.0848746965119342,3.47667745201915
-0.0887061975326835,3.49043446850051
