0,3.19505411206434
0,3.19705411206434
1.88393134798212e-05,3.19899772730967
5.71174439592229e-05,3.20088312715916
0.000115413258222303,3.20270854081643
0.000194284502669237,3.20447225892618
0.000294267346576706,3.20617263510222
0.000415875952085364,3.20780808738611
0.000559602070665457,3.20937709963609
0.00072591466575059,3.21087822284564
0.000915259561175176,3.21231007639131
0.00112805911500337,3.21367134920957
0.00136471191829649,3.21496080090232
0.00162559251833227,3.21617726277118
0.00191105116576265,3.21731963878014
0.00222141358517728,3.218386906447
0.00255698076852738,3.21937811766325
0.00291802879085901,3.22029239944284
0.00330480864780562,3.22112895459977
0.00371754611429743,3.22188706235488
0.00415644162395827,3.22256607887187
0.00462167016868033,3.22316543772301
0.00511338121789128,3.22368465028464
0.00563169865705827,3.22412330606288
0.00617672074500709,3.22448107294969
0.00674852008967277,3.22475769740972
0.00734714364193936,3.2249530045982
0.00797261270727099,3.2250668984101
0.00862492297488278,3.2250993614609
0.00930404456424878,3.2250504549993
0.0100099220887934,3.22492031875192
0.0107424747366633,3.22470917070063
0.011501596368526,3.22441730679229
0.0122871556323924,3.22404510058154
0.0130989960955062,3.22359300280661
0.0139369363933929,3.22306154089846
0.0148007703962024,3.2224513184235
0.0156902673925215,3.22176301446
0.016605172290872,3.22099738290851
0.0175452058391405,3.22015525173639
0.0185100648622212,3.21923752215678
0.0194994225181722,3.21824516774221
0.0205129285732102,3.21717923347308
0.0215502096958813,3.2160408347213
0.0226108697707547,3.21483115616948
0.0236944902319888,3.21355145066589
0.0248006304171172,3.21220303801569
0.0259288279413904,3.21078730370879
0.0270785990929962,3.20930569758493
0.028249439249457,3.20775973243647
0.0294408233154752,3.20615098254948
0.0306522061824624,3.20448108218395
0.0318830232099468,3.2027517239938
0.0331326907290086,3.20096465738762
0.0344006065678364,3.19912168683105
0.0356861505994444,3.19722467009189
0.0369886853115231,3.19527551642915
0.0383075563983316,3.19327618472714
0.039642093374466,3.19122868157621
0.0409916102102636,3.18913505930144
0.0423554059885246,3.18699741394096
0.0437327655821503,3.18481788317566
0.0451229603522162,3.18259864421202
0.0465252488659119,3.18034191162014
0.0479388776336961,3.17804993512899
0.04936308186493,3.17572499738104
0.0507970862411675,3.17336941164866
0.0522401057062005,3.17098551951464
0.0536913462718722,3.16857568851937
0.0551500058385998,3.16614230977736
0.0566152750294692,3.16368779556575
0.0580863380366949,3.16121457688769
0.0595623734791749,3.15872510101348
0.0610425552698082,3.15622182900243
0.0625260534911886,3.15370723320852
0.0640120352782412,3.15118379477296
0.0654996657063247,3.14865400110679
0.0669881086832916,3.1461203433668
0.0684765278439664,3.1435853139279
0.0699640874454892,3.1410514038553
0.0714499532619531,3.1385211003797
0.072933293476767,3.1359968843788
0.0744132795711747,3.13348122786841
0.0758890872073768,3.13097659150628
0.0773598971047195,3.12848542211206
0.0788248959074433,3.12601015020636
0.0802832770425206,3.12355318757222
0.0817342415661503,3.1211169248418
0.0831769989975293,3.11870372911156
0.084610768138576,3.1163159415886
0.0860347778783383,3.11395587527118
0.0874482679808897,3.11162581266591
0.0888504898555849,3.10932800354452
0.0902407073086226,3.1070646627425
0.0916181972749414,3.10483796800212
0.0929822505295581,3.10265005786212
0.0943321723775378,3.10050302959622
0.0956672833218748,3.09839893720246
0.0969869197086467,3.09633978944542
0.098290434348891,3.09432754795294
0.0995771971167399,3.09236412536913
0.100846595523434,3.09045138356517
0.102098035266916,3.08859113190934
0.103330940756793,3.08678512559748
0.104544755614525,3.08503506404515
0.105738943148772,3.08334258934249
0.106912986805921,3.08170928477272
0.108066390595847,3.08013667339509
0.109198679493057,3.07862621669295
0.110309399813396,3.07717931328768
0.11139811956657,3.07579729771884
0.112464428784753,3.07448143929105
0.113507939827632,3.07323294098794
0.114528287664221,3.07205293845336
0.115525130131855,3.07094249904016
0.116498148172759,3.06990262092648
0.11744704604863,3.06893423229979
0.118371551533654,3.06803819060863
0.119271416086411,3.06721528188186
0.120146415001106,3.06646622011566
0.12099634753854,3.06579164672778
0.121821037037274,3.06519213007918
0.12262033100536,3.06466816506279
0.123394101193043,3.06422017275915
0.124142243646787,3.06384850015873
0.124864678744956,3.06355341995083
0.125561351215449,3.06333513037864
0.126232230135567,3.06319375516034
0.12687730891432,3.06312934347601
0.127496605257395,3.06314187001999
0.128090161114913,3.06323123511861
0.128658042612102,3.06339726491292
0.129200339962962,3.06363971160624
0.129717167366947,3.06395825377625
0.130208662888665,3.06435249675147
0.130674988320551,3.0648219730518
0.131116329028441,3.06536614289291
0.131532893779922,3.06598439475425
0.131924914555335,3.06667604601044
0.132292646341233,3.06744034362576
0.132636366906134,3.06827646491148
0.132956376558311,3.06918351834567
0.133252997885432,3.07016054445538
0.133526575475763,3.07120651676055
0.133777475620717,3.07232034277958
0.134006085998472,3.073500865096
0.134212815338419,3.07474686248575
0.13439809306619,3.07605705110477
0.134562368929042,3.07743008573618
0.134706112601383,3.07886456109653
0.13482981327025,3.08035901320046
0.13493397920058,3.08191192078308
0.135019137280168,3.08352170677915
0.135085832544195,3.08518673985836
0.135134627679321,3.08690533601562
0.135166102507331,3.08867576021534
0.135180853448398,3.09049622808868
0.135179492964098,3.0923649076824
0.135162648980336,3.09427992125802
0.135130964290446,3.09623934714002
0.135085095938768,3.09824122161131
0.135025714585079,3.1002835408546
0.13495350385034,3.10236426293774
0.134869159644267,3.10448130984132
0.134773389475339,3.10663256952661
0.134666911743892,3.10881589804167
0.134550455019056,3.11102912166368
0.134424757300332,3.11327003907512
0.134290565264701,3.11553642357153
0.134148633500204,3.11782602529841
0.133999723727012,3.12013657351482
0.133844604007047,3.12246577888098
0.133684047943303,3.12481133576733
0.133518833870032,3.12717092458224
0.133349744035032,3.12954221411562
0.13317756377532,3.13192286389559
0.133003080687481,3.13431052655525
0.13282708379406,3.13670285020668
0.132650362707342,3.13909748081927
0.132473706791925,3.14149206459922
0.132297904327468,3.14388425036735
0.132123741673034,3.14627169193223
0.131952002434421,3.14865205045551
0.131783466635879,3.15102299680662
0.13161890989759,3.15338221390377
0.131459102620282,3.15572739903841
0.131304809178292,3.15805626618014
0.131156787122393,3.16036654825949
0.131015786393623,3.16265599942542
0.13088254854936,3.16492239727522
0.130757806002771,3.16716354505389
0.130642281276773,3.16937727382058
0.130536686273536,3.17156144457963
0.130441721560528,3.17371395037364
0.130358075674009,3.17583271833663
0.130286424440836,3.17791571170475
0.130227430319358,3.1799609317827
0.130181741760094,3.18196641986373
0.130149992586854,3.18393025910155
0.130132801398834,3.18585057633214
0.130130770994189,3.18772554384409
0.130144487815487,3.1895533810957
0.130174521417386,3.19133235637764
0.1302214239568,3.19306078841968
0.130285729705755,3.19473704794043
0.130367954587071,3.19635955913894
0.13046859573293,3.19792680112718
0.13058813106636,3.19943730930257
0.130727018905571,3.20088967665967
0.130885697591058,3.20228255504048
0.131064585135328,3.2036146563226
0.131264078895057,3.20488475354494
0.131484555265464,3.20609168197029
0.131726369396634,3.2072343400846
0.131989854931512,3.20831169053264
0.132275323765263,3.2093227609897
0.132583065825664,3.21026664496934
0.13291334887419,3.21114250256696
0.133266418327457,3.21194956113916
0.133642497098663,3.21268711591895
0.134041785458672,3.2133545305667
0.134464460916419,3.213951237657
0.134910678118275,3.2144767391015
0.135380568766072,3.21493060650782
0.135874241553471,3.21531248147468
0.136391782120402,3.2156220758234
0.136933253025305,3.21585917176599
0.137498693734938,3.21602362200999
0.138088120631552,3.21611534980019
0.138701527037248,3.21613434889757
0.139338883255366,3.21608068349555
0.140000136628801,3.21595448807391
0.140685211615143,3.21575596719037
0.141394009878599,3.21548539521037
0.14212641039868,3.21514311597506
0.142882269595636,3.21472954240775
0.143661421472708,3.21424515605929
0.144463677775227,3.21369050659231
0.145288828166681,3.21306621120491
0.146136640421826,3.21237295399384
0.147006860637006,3.21161148525768
0.147899213457804,3.21078262074012
0.148813402324197,3.2098872408139
0.149749109733377,3.20892628960565
0.150705997520426,3.20790077406208
0.15168370715701,3.2068117629579
0.152681860068277,3.20566038584605
0.153700057968115,3.20444783195066
0.154737883212941,3.20317534900338
0.155794899174156,3.20184424202358
0.156870650629379,3.20045587204328
0.157964664172566,3.19901165477735
0.159076448643081,3.19751305923991
0.160205495573737,3.19596160630772
0.161351279657827,3.19435886723158
0.162513259235071,3.19270646209665
0.16369087679641,3.19100605823283
0.164883559507499,3.1892593685765
0.166090719750703,3.1874681499846
0.167311755685355,3.18563420150272
0.168546051825976,3.18375936258834
0.169792979638087,3.18184551129105
0.171051898151201,3.17989456239107
0.172322154588502,3.17790846549796
0.173603085012671,3.17588920311133
0.174894014987256,3.1738387886453
0.176194260252902,3.17175926441884
0.177503127417725,3.16965269961392
0.178819914661035,3.16752118820374
0.180143912449548,3.16536684685316
0.181474404265205,3.1631918127937
0.182810667343615,3.16099824167544
0.184151973422132,3.15878830539833
0.185497589496505,3.15656418992529
0.186846778585001,3.15432809307983
0.188198800498875,3.15208222233059
0.189552912618006,3.14982879256567
0.190908370670515,3.14757002385925
0.192264429515128,3.1453081392334
0.193620343925063,3.14304536241757
0.194975369372174,3.14078391560881
0.196328762810105,3.13852601723524
0.197679783455184,3.13627387972565
0.199027693563816,3.13402970728787
0.200371759205108,3.13179569369883
0.201711251027526,3.12957402010877
0.203045445018348,3.12736685286243
0.204373623254754,3.12517634133986
0.205695074645395,3.12300461581928
0.207009095661321,3.12085378536467
0.208314991055212,3.1187259357405
0.209612074567883,3.11662312735598
0.210899669621068,3.11454739324117
0.212177109995589,3.11250073705722
0.213443740494018,3.11048513114287
0.214698917587031,3.10850251459927
0.215942010042705,3.10655479141526
0.217172399538071,3.10464382863474
0.218389481252289,3.10277145456814
0.219592664440902,3.10093945704971
0.220781372990651,3.09914958174201
0.221955045954442,3.09740353048939
0.223113138066069,3.09570295972161
0.22425512023441,3.09404947890913
0.22538048001683,3.09244464907107
0.22648872207162,3.09088998133718
0.227579368589312,3.08938693556457
0.228651959702828,3.0879369190104
0.229706053876399,3.08654128506113
0.23074122827329,3.08520133201924
0.231757079102395,3.08391830194804
0.23275322194379,3.08269337957505
0.233729292053395,3.08152769125468
0.234684944646902,3.0804223039904
0.23561985516318,3.07937822451697
0.236533719507364,3.0783963984429
0.237426254273871,3.07747770945349
0.238297196949605,3.07662297857453
0.239146306097611,3.07583296349695
0.239973361521444,3.07510835796234
0.240778164410543,3.07444979120958
0.241560537466874,3.07385782748241
0.242320325013111,3.07333296559811
0.243057393082634,3.07287563857706
0.24377162949157,3.07248621333325
0.244462943893138,3.07216499042559
0.245131267814509,3.07191220386982
0.245776554676388,3.07172802101105
0.246398779795501,3.0716125424566
0.246997940370151,3.07156580206908
0.24757405544897,3.07158776701951
0.24812716588301,3.07167833790023
0.248657334261223,3.07183734889742
0.24916464482944,3.07206456802308
0.249649203392853,3.07235969740611
0.250111137202042,3.07272237364234
0.250550594822536,3.07315216820325
0.25096774598788,3.073648587903
0.251362781436163,3.07421107542373
0.251735912729948,3.07483900989849
0.252087372059521,3.07553170755179
0.252417412029366,3.07628842239725
0.252726305427768,3.07710834699197
0.253014344979436,3.07799061324743
0.253281843081017,3.07893429329616
0.253529131519415,3.07993840041406
0.253756561172767,3.0810018899976
0.253964501694007,3.08212366059559
0.254153341176894,3.08330255499474
0.254323485804436,3.08453736135853
0.254475359479647,3.08582681441859
0.25460940343859,3.08716959671799
0.254726075845682,3.08856433990549
0.25482585137129,3.09000962608004
0.254909220751641,3.09150398918447
0.254976690331138,3.09304591644756
0.255028781587195,3.09463384987316
0.255066030637742,3.09626618777557
0.255088987731618,3.09794128635968
0.255098216722084,3.09965746134471
0.255094294523764,3.10141298963021
0.255077810553362,3.10320611100284
0.255049366154543,3.10503502988235
0.255009574007446,3.10689791710535
0.254959057523316,3.10879291174489
0.254898450224836,3.11071812296439
0.254828395112744,3.11267163190392
0.254749544019419,3.11465149359688
0.254662556950152,3.11665573891526
0.25456810141285,3.11868237654126
0.254466851737014,3.12072939496318
0.254359488382827,3.12279476449352
0.254246697241274,3.12487643930681
0.254129168926235,3.12697235949509
0.254007598059528,3.12908045313855
0.25388268254993,3.13119863838895
0.253755122867209,3.13332482556346
0.253625621312251,3.13545691924633
0.253494881284374,3.13759282039599
0.253363606546937,3.13973042845498
0.253232500492366,3.14186764346031
0.253102265407738,3.14400236815149
0.252973601742042,3.14613251007393
0.252847207376264,3.148255983675
0.252723776897409,3.15037071239033
0.252604000877574,3.15247463071779
0.252488565159175,3.15456568627674
0.252378150147395,3.15664184185
0.252273430110903,3.15870107740629
0.252175072491871,3.16074139210064
0.252083737226253,3.16276080625057
0.252000076075309,3.16475736328574
0.251924731969234,3.16672913166891
0.251858338363803,3.16867420678607
0.251801518610807,3.17059071280367
0.251754885343065,3.17247680449111
0.251719039874736,3.17433066900637
0.251694571617561,3.17615052764319
0.251682057513682,3.17793463753793
0.251682061485558,3.1796812933345
0.251695133903497,3.18138882880583
0.251721811071232,3.18305561843036
0.251762614729937,3.18468007892221
0.251818051581017,3.18626067071375
0.251888612827935,3.18779589938926
0.251974773737334,3.18928431706871
0.252076993219598,3.19072452374049
0.252195713429013,3.19211516854224
0.252331359383588,3.19345495098885
0.2524843386046,3.19474262214687
0.252655040775846,3.1959769857546
0.252843837422584,3.19715689928728
0.25305108161008,3.19828127496668
0.253277107661679,3.19934908071479
0.253522230896256,3.20035934105098
0.253786747384917,3.20131113793239
0.254070933726765,3.20220361153718
0.254375046843562,3.20303596099039
0.254699323793072,3.2038074450322
0.255043981600896,3.20451738262843
0.25540921711057,3.20516515352312
0.255795206851731,3.20575019873321
0.256202106926101,3.20627202098514
0.256630052911124,3.20673018509346
0.257079159781004,3.20712431828144
0.257549521844978,3.2074541104437
0.258041212702623,3.20771931435094
0.258554285216023,3.20791974579695
0.259088771498641,3.20805528368788
0.25964468292075,3.20812587007396
0.260222010131289,3.2081315101239
0.260820723096051,3.20807227204205
0.261440771152088,3.20794828692846
0.262082083078288,3.20775974858227
0.262744567182046,3.20750691324833
0.26342811140201,3.20719009930758
0.264132583426875,3.20680968691124
0.264857830830225,3.20636611755919
0.265603681221446,3.2058598936228
0.266369942412713,3.20529157781243
0.267156402602129,3.20466179259017
0.267962830573024,3.20397121952782
0.2687889759095,3.20322059861084
0.269634569228277,3.20241072748848
0.270499322426902,3.20154246067046
0.271382928948383,3.20061670867096
0.272285064062324,3.1996344371001
0.273205385162604,3.19859666570369
0.274143532081653,3.19750446735166
0.275099127421361,3.19635896697595
0.276071776900635,3.19516134045851
0.277061069719616,3.19391281346997
0.278066578940516,3.19261466026007
0.279087861885058,3.19126820240035
0.28012446054842,3.1898748074803
0.281175902029596,3.18843588775769
0.282241698978036,3.18695289876426
0.28332135005639,3.18542733786777
0.284414340419149,3.18386074279159
0.285520142206939,3.18225469009303
0.286638215056167,3.18061079360177
0.287768006623696,3.17893070281967
0.288908953126173,3.17721610128341
0.290060479893573,3.17546870489146
0.291222001936504,3.17369026019704
0.292392924526758,3.17188254266855
0.293572643790541,3.17004735491934
0.294760547313775,3.16818652490846
0.295956014758836,3.16630190411435
0.297158418492011,3.16439536568332
0.298367124220962,3.16246880255477
0.2995814916414,3.16052412556521
0.300800875092168,3.15856326153312
0.302024624217872,3.15658815132687
0.303252084638186,3.15460074791766
0.304482598622911,3.15260301441996
0.305715505771845,3.15059692212151
0.306950143698514,3.14858444850519
0.308185848716756,3.14656757526511
0.309421956529185,3.14454828631924
0.310657802916503,3.14252856582085
0.311892724426652,3.14051039617117
0.313126059062779,3.13849575603556
0.314357146968988,3.13648661836565
0.315585331112867,3.13448494842962
0.316809957963775,3.13249270185302
0.318030378165899,3.13051182267249
0.319245947205088,3.1285442414045
0.320456026068526,3.1265918731315
0.321659981896281,3.12465661560753
0.322857188623853,3.12274034738563
0.32404702761482,3.1208449259689
0.325228888282755,3.11897218598755
0.326402168701601,3.11712393740372
0.327566276203749,3.11530196374608
0.328720627965079,3.11350802037614
0.329864651576303,3.11174383278796
0.330997785599954,3.11001109494307
0.332119480112454,3.10831146764226
0.333229197230704,3.10664657693577
