0,1.50743765096339
0,1.50943765096339
1.41015251540046e-05,1.51216884583581
4.06396786896985e-05,1.51563013271618
7.74205730406085e-05,1.5198204149854
0.000121723796583923,1.52473860477464
0.000170304812638077,1.53038362599867
0.000219397320354166,1.53675441790821
0.000264715612964131,1.54384993915205
0.00030145697461083,1.55166917233816
0.000324304162711631,1.56021112908166
0.000327428028545671,1.56947485552396
0.000304490334571802,1.57945943830372
0.000248646832966708,1.59016401095451
0.000152550676130367,1.60158776069745
8.35623657332432e-06,1.61372993558879
-0.000192276579162403,1.62658985197195
-0.000458177429900941,1.64016690217238
-0.000798659950928017,1.65446056235888
-0.00122351536496458,1.66947040047967
-0.00174300516949185,1.68519608416244
-0.00236785276337036,1.70163738844659
-0.00310923385999168,1.71879420319158
-0.00397876551593924,1.73666653997758
-0.00498849358289672,1.75525453828326
-0.00615087836587781,1.77455847068997
-0.00747877824228191,1.79457874682084
-0.00898543096330701,1.81531591567807
-0.0106844323213621,1.83677066598942
-0.0125897118238107,1.85894382411692
-0.0147155049641635,1.881836349015
-0.0170763216263038,1.9054493236516
-0.0196869100951523,1.92978394222345
-0.0225622160782137,1.95484149240543
-0.0257173360667921,1.98062333177332
-0.029167464283774,2.00713085742886
-0.032927832377734,2.0343654677382
-0.0370136409323708,2.06232851496861
-0.0414399817685447,2.09102124747837
-0.0462217499272877,2.12044473998394
-0.0513735441415338,2.15059981030287
-0.0569095545394287,2.18148692085949
-0.0628434362829067,2.21310606315397
-0.0691881678447936,2.2454566233508
-0.0759558926826143,2.27853722715881
-0.0831577431982086,2.31234556227886
-0.0908036461041509,2.34687817691824
-0.0989021086800477,2.38213025325005
-0.107459985926866,2.4180953552758
-0.116482229350349,2.45476515137604
-0.125971619059371,2.49212911295447
-0.135928482080504,2.53017419203855
-0.14635040128303,2.56888448252101
-0.157231921075368,2.60824087191675
-0.168564258039146,2.6482206930318
-0.180335026831861,2.68879738770377
-0.192527993878766,2.72994019761377
-0.205122873390641,2.77161389984076
-0.218095181822625,2.81377860699584
-0.231416167711754,2.85638965302857
-0.245052833551972,2.89939758568953
-0.258968064659646,2.94274828473587
-0.273120876609479,2.98638322095535
-0.287466787699712,3.03023986483915
-0.30195831618673,3.07425224543205
-0.316545594138101,3.1183516500644
-0.33117708138847,3.16246744521406
-0.345800355151066,3.2065279888186
-0.36036294432587,3.25046159622536
-0.374813173349101,3.29419751677429
-0.389100979175204,3.33766687655192
-0.403178666896025,3.3808035454048
-0.417001574347418,3.4235448925336
-0.430528623181612,3.46583240404954
-0.443722742359913,3.50761214654987
-0.456551158808057,3.54883507172788
-0.468985558119929,3.58945716706444
-0.481002124962669,3.62943946584412
-0.492581477794887,3.66874793558493
-0.503708515532544,3.70735326734549
-0.51437219501098,3.74523058947976
-0.524565257797868,3.78235912866041
-0.534283923498027,3.81872183890388
-0.54352756455639,3.85430501641662
-0.552298375067722,3.8890979147988
-0.560601043527601,3.92309237184095
-0.568442437014545,3.95628245607911
-0.575831302108074,3.98866413858314
-0.582777985988182,4.0202349932079
-0.589294179646838,4.05099392674915
-0.595392683957719,4.08094093908316
-0.601087198462859,4.1100769123817
-0.606392132101211,4.13840342781955
-0.611322434678867,4.16592260777002
-0.615893447620351,4.19263698125645
-0.620120772406366,4.21854937034593
-0.624020155062539,4.24366279519319
-0.627607385089061,4.26798039553524
-0.630898207291165,4.29150536657405
-0.633908245068522,4.31424090734785
-0.636652933835474,4.33619017986477
-0.639147463364464,4.3573562774482
-0.641406727965722,4.37774220091311
-0.643445283532884,4.39735084135269
-0.645277310594065,4.41618496846344
-0.64691658260927,4.43424722347195
-0.648376438847355,4.45154011584877
-0.649669761258601,4.4680660231038
-0.650808954832848,4.48382719305443
-0.651805930998259,4.4988257480431
-0.652672093673021,4.51306369065607
-0.653418327632133,4.52654291056092
-0.654054988894818,4.53926519213777
-0.654591896875581,4.5512322226294
-0.655038328074387,4.56244560057877
-0.655403011109358,4.57290684436057
-0.655694122919549,4.58261740064591
-0.655919285986157,4.59157865266775
-0.656085566438613,4.59979192817918
-0.656199472927659,4.60725850701738
-0.656266956161298,4.61397962820446
-0.65629340901162,4.61995649653154
-0.656283667111334,4.62519028858532
-0.656242009868552,4.62968215818786
-0.656172161837292,4.63343324122882
-0.656077294389363,4.63644465987774
-0.655960027640964,4.6387175261697
-0.655822432594619,4.64025294496317
-0.655666033464009,4.64105201627296
-0.655491810155995,4.64111583698447
-0.65530020089065,4.64044550195833
-0.655091104946547,4.63904210453676
-0.654863885524862,4.63690673646494
-0.654617372732095,4.63404048724238
-0.654349866687436,4.63044444292126
-0.654059140767009,4.6261196843704
-0.653742445003434,4.62106728502576
-0.653396509665387,4.61528830815077
-0.653017549048204,4.60878380363314
-0.652601265512996,4.60155480434821
-0.652142853818406,4.59360232212352
-0.651637005796009,4.58492734334499
-0.651077915427583,4.57553082425124
-0.650459284390146,4.56541368597067
-0.649774328142859,4.55457680936504
-0.649015782638835,4.5430210297538
-0.648175911754637,4.5307471316061
-0.647246515541136,4.51775584330162
-0.646218939411406,4.50404783207773
-0.645084084394971,4.48962369929954
-0.643832418602977,4.4744839762106
-0.642453990066201,4.45862912034639
-0.640938441127412,4.44205951282022
-0.639275024591851,4.42477545672231
-0.637452621864723,4.40677717690745
-0.635459763332992,4.38806482148598
-0.633284651280692,4.36863846537677
-0.630915185662668,4.34849811632917
-0.628338993101384,4.32764372387563
-0.625543459515274,4.30607519173586
-0.622515766835054,4.28379239425927
-0.619242934316244,4.26079519756321
-0.615711865011431,4.23708348610128
-0.611909398023662,4.21265719547688
-0.607822367221516,4.18751635240193
-0.603437667154948,4.16166112278629
-0.598742326966166,4.13509186902816
-0.593723593137914,4.10780921765402
-0.588369021957565,4.07981413852422
-0.582666582592919,4.05110803686818
-0.576604771666237,4.02169285943216
-0.570172740166472,3.99157121599991
-0.563360433443218,3.96074651746547
-0.556158744864543,3.92922313148047
-0.548559683477181,3.89700655644131
-0.540556555662269,3.86410361419999
-0.532144160312407,3.83052266134906
-0.523318996446388,3.79627381821712
-0.514079481409078,3.76136921379288
-0.504426176864355,3.72582324365396
-0.494362018677951,3.68965283660542
-0.483892545519491,3.65287772414731
-0.473026119626464,3.61552070513118
-0.461774131733269,3.57760789611229
-0.450151180775823,3.53916895607989
-0.438175217773258,3.50023727262325
-0.425867642433854,3.46085009538541
-0.413253340728566,3.42104860212021
-0.400360652124365,3.38087788306684
-0.387221256551557,3.3403868309265
-0.373869973615935,3.29962792663489
-0.360344470081813,3.25865691541219
-0.346684876135564,3.21753237310638
-0.332933316126661,3.17631516929657
-0.31913336495923,3.13506784045974
-0.305329446541355,3.09385389305073
-0.29156619511318,3.05273706185949
-0.277887803330355,3.01178055280297
-0.264337382273739,2.97104630087024
-0.250956357898371,2.93059427303093
-0.237783925885787,2.89048184262969
-0.224856582728332,2.85076325652447
-0.212207745646132,2.81148920962879
-0.199867468211044,2.77270653435102
-0.187862252923271,2.7344580054491
-0.176214956964573,2.69678225467442
-0.164944783299692,2.65971378470997
-0.154067346406006,2.62328306853587
-0.143594800208914,2.58751671849205
-0.133536015185007,2.55243770880253
-0.123896791878537,2.5180656359209
-0.114680099029768,2.48441700245068
-0.10588632590431,2.45150551228797
-0.0975135400319214,2.41934236676229
-0.089557743242306,2.38793655370748
-0.082013120499165,2.35729512342502
-0.0748722774999131,2.32742344731477
-0.0681264642811154,2.29832545649215
-0.0617657831314317,2.27000385897401
-0.0557793799675093,2.24246033500798
-0.0501556189897706,2.21569571086882
-0.0448822409276208,2.18971011198257
-0.039946505533361,2.164503096603
-0.0353353192171902,2.1400737714874
-0.0310353488563518,2.1164208911343
-0.02703312288116,2.09354294217899
-0.0233151207575149,2.07143821451832
-0.0198678519645178,2.05010486067144
-0.0166779255189089,2.02954094479208
-0.013732111034574,2.00974448264246
-0.0110173922323989,1.99071347372594
-0.00852101373853513,1.97244592666156
-0.00623052193144548,1.95493987877244
-0.00413380052253149,1.93819341075409
-0.00221910148342076,1.92220465718982
-0.00047507186615438,1.90697181358942
0.00110922299889504,1.89249314054433
0.00254427949833614,1.87876696551753
0.0038401385455036,1.86579168271909
0.00500637087075399,1.85356575145867
0.00605206449836794,1.8420876933126
0.00698581415146722,1.83135608839646
0.00781571235755735,1.82136957099221
0.00854934205478973,1.81212682474274
0.0091937705232292,1.80362657759428
0.00975554448671506,1.79586759663936
0.0102406862496943,1.78884868298834
0.0106546907500285,1.78256866677611
0.0110025234235458,1.77702640239201
0.0112886187893008,1.77222076400477
0.0115168796763746,1.76815064144027
0.0116906770238041,1.76481493645756
0.0118128501950649,1.76221255945815
0.011885707757619,1.76034242665419
0.0119110286865019,1.75920345771327
0.011890063958902,1.75879457389022
0.0118235385142701,1.75911469665032
0.0117116535617835,1.76016274678239
0.0115540892240571,1.7619376439951
0.0113500075129058,1.7644383069849
0.0110980556397916,1.76766365395914
0.0107963696703834,1.77161260359317
0.0104425785394864,1.77628407639535
0.0100338084495147,1.78167699644836
0.00956668768275096,1.78779029348986
0.00903735186492908,1.79462290528901
0.00844144972526876,1.80217378026853
0.00777414940606621,1.81044188031392
0.00703014538340421,1.81942618370273
0.00620366606959321,1.82912568807665
0.00528848217771603,1.83953941336758
0.00427791593925658,1.85066640457617
0.00316485127739789,1.86250573428652
0.00194174505133718,1.87505650478412
0.000600639501060302,1.88831784962581
-0.000866823962371568,1.9022889344892
-0.00246938945865503,1.91696895710596
-0.00421616965061837,1.93235714605694
-0.00611662686426587,1.94845275817817
-0.0081805520900812,1.96525507429429
-0.0104180416132485,1.98276339296042
-0.012839470992035,2.00097702185414
-0.0154554660726562,2.01989526641659
-0.0182768706955802,2.03951741529503
-0.0213147107126348,2.05984272208953
-0.0245801538968416,2.08087038285307
-0.0280844652882378,2.10259950873917
-0.031838957480011,2.12502909313351
-0.0358549353113769,2.14815797254915
-0.0401436343986309,2.17198478050932
-0.0447161529061427,2.19650789359094
-0.0495833759379514,2.22172536876007
-0.0547558919221764,2.24763487110109
-0.0602439003698459,2.27423359103227
-0.0660571104233292,2.3015181501182
-0.0722046296750244,2.32948449464454
-0.0786948428433426,2.35812777622396
-0.0855352800507257,2.38744221886737
-0.0927324746689317,2.41742097219688
-0.100291810992322,2.44805595081213
-0.108217362382527,2.47933766026744
-0.116511721008614,2.51125501068756
-0.125175820893797,2.54379511975939
-0.134208756675922,2.57694310768977
-0.143607601289568,2.610681887715
-0.153367226666823,2.64499195686692
-0.16348013250112,2.67985119290955
-0.173936289075664,2.71523466459988
-0.184723001056408,2.7511144636119
-0.195824799899854,2.78745956748238
-0.207223373020523,2.82423574365174
-0.218897537981897,2.86140550492993
-0.230823269597778,2.89892812635822
-0.242973786853101,2.9367597323235
-0.255319704905247,2.97485346081828
-0.267829255096375,3.01315970890397
-0.280468572958426,3.05162645980427
-0.293202050776962,3.09019968781837
-0.305992747636558,3.12882383270267
-0.318802846307648,3.16744233071947
-0.331594143197669,3.20599818563132
-0.344328555213708,3.24443455996174
-0.356968626044067,3.28269536519508
-0.369478014230132,3.32072582946248
-0.381821946497754,3.3584730226902
-0.393967622034993,3.39588632201774
-0.405884556499743,3.43291780421197
-0.417544858188577,3.46952255638495
-0.428923432633726,3.50565890110269
-0.439998115572203,3.54128853650978
-0.450749737464397,3.57637659603451
-0.461162125332116,3.61089163534141
-0.471222049538894,3.64480555635032
-0.480919124240139,3.67809347934557
-0.490245670651146,3.71073357455115
-0.49919655212965,3.74270686419872
-0.507768989482421,3.77399700524611
-0.515962364022123,3.80459006169314
-0.523778014848909,3.83447427405215
-0.531219035717627,3.86363983209481
-0.538290075758,3.89207865561264
-0.544997147298716,3.91978418666564
-0.551347443142149,3.94675119568719
-0.557349164861626,3.97297560288346
-0.563011363051246,3.99845431560929
-0.568343789943637,4.02318508181017
-0.573356764412015,4.04716635917361
-0.578061049074786,4.07039719931151
-0.582467739008136,4.09287714607748
-0.586588161429065,4.11460614698871
-0.590433785624176,4.13558447665315
-0.594016142355572,4.15581267108264
-0.597346751963997,4.17529147178976
-0.600437060401815,4.19402177860737
-0.603298382457655,4.21200461022934
-0.605941851474718,4.22924107153933
-0.608378374911559,4.24573232686919
-0.610618595144361,4.26147957840413
-0.612672854960799,4.27648404902673
-0.614551167245879,4.29074696896369
-0.616263188408464,4.30426956566723
-0.617818195142763,4.31705305642628
-0.619225064161469,4.32909864326114
-0.62049225457623,4.34040750970805
-0.621627792636774,4.350980819149
-0.622639258572282,4.36081971438514
-0.623533775307746,4.3699253181916
-0.62431799885424,4.37829873462627
-0.624998110195537,4.38594105089633
-0.625579808514594,4.39285333961411
-0.626068305622288,4.39903666129827
-0.62646832146779,4.40449206699851
-0.626784080625216,4.40922060094081
-0.627019309665018,4.41322330310802
-0.627177235331114,4.41650121168525
-0.627260583456224,4.41905536531351
-0.627271578558434,4.42088680510691
-0.627211944071787,4.42199657639966
-0.627082903172875,4.422385730199
-0.626885180174047,4.42205532432918
-0.626619002462105,4.42100642425972
-0.626284102969323,4.41924010361941
-0.625879723171361,4.41675744440455
-0.625404616614273,4.41355953689758
-0.624857052980376,4.40964747931932
-0.624234822710382,4.40502237724547
-0.623535242206899,4.3996853428258
-0.622755159652344,4.39363749385228
-0.6218909614825,4.38687995273125
-0.620938579565512,4.3794138454239
-0.619893499145149,4.37124030042953
-0.618750767616695,4.36236044789708
-0.617505004214092,4.35277541896298
-0.61615041069794,4.34248634542648
-0.614680783145824,4.3314943598891
-0.613089524959324,4.31980059650108
-0.611369661216038,4.30740619247626
-0.609513854510183,4.29431229055692
-0.607514422441858,4.28052004263258
-0.605363356933071,4.26603061474103
-0.60305234556805,4.25084519370669
-0.600572795176378,4.23496499570034
-0.597915857899915,4.21839127703576
-0.595072460008349,4.2011253475523
-0.592033333753235,4.18316858696813
-0.588789052576272,4.16452246462646
-0.585330070013832,4.14518856309546
-0.581646762665652,4.12516860612208
-0.577729477620204,4.1044644914781
-0.573568584751228,4.08307832927359
-0.569154534317583,4.06101248634509
-0.564477920309779,4.0382696373517
-0.559529549988465,4.01485282322819
-0.554300520049578,3.99076551764604
-0.548782299823514,3.9660117021164
-0.542966821866788,3.94059595032627
-0.536846580228578,3.91452352222495
-0.530414736564763,3.88780046826199
-0.523665234121544,3.86043374401301
-0.516592919412081,3.83243133520422
-0.509193671155212,3.80380239285151
-0.501464535728549,3.77455737785452
-0.493403868003775,3.74470821392395
-0.485011475977182,3.71426844716461
-0.47628876708508,3.6832534099895
-0.467238893509164,3.65168038630756
-0.457866893146615,3.6195687741284
-0.448179822268825,3.58694024088993
-0.438186875257479,3.55381886598533
-0.42789948623593,3.52023126420338
-0.417331406967543,3.48620668317831
-0.406498755140617,3.45177706756009
-0.395420027176029,3.41697708256058
-0.384116070050986,3.38184408989922
-0.372610007389928,3.34641807004348
-0.360927116268003,3.310741486065
-0.349094652804146,3.27485908641589
-0.337141626644679,3.2388176464186
-0.325098526758074,3.20266565113574
-0.312997003430205,3.16645292535829
-0.300869513779438,3.13023021948228
-0.288748940291554,3.09404876276676
-0.276668193597811,3.05795979761312
-0.264659811807878,3.02201410985219
-0.252755569042715,2.98626157041811
-0.240986105347094,2.95075070317432
-0.229380588938094,2.91552829209266
-0.217966419884294,2.88063903862869
-0.206768981991594,2.8461252772196
-0.195811447111534,2.81202675363283
-0.185114633507853,2.77838046769549
-0.174696917515722,2.74522057898799
-0.16457419566179,2.71257837158216
-0.154759892783304,2.68048227196804
-0.145265010536459,2.64895791299237
-0.136098210012226,2.61802823591119
-0.12726592193735,2.58771362247415
-0.118772478058185,2.55803204921392
-0.110620257701918,2.52899925670007
-0.102809844098498,2.50062892732408
-0.0953401857489601,2.47293286611122
-0.0882087588754216,2.44592118002329
-0.0814117277328534,2.4196024521609
-0.0749441002650509,2.39398390815005
-0.0687998772227053,2.36907157277777
-0.0629721934165905,2.34487041561235
-0.0574534502489086,2.32138448490118
-0.0522354390522424,2.29861702948878
-0.0473094550740278,2.27657060884791
-0.0426664021831394,2.25524719157965
-0.0382968885533843,2.23464824292712
-0.0341913137059659,2.21477480197448
-0.0303399473784116,2.19562754928051
-0.026733000739376,2.17720686573395
-0.0233606904944417,2.15951288342709
-0.0202132964338026,2.1425455293298
-0.0172812129637332,2.12630456251757
-0.0145549951442834,2.11078960566694
-0.012025399729083,2.09600017148529
-0.00968342167215757,2.08193568469178
-0.00752032653328164,2.068595500115
-0.00552767917915394,2.05597891742172
-0.00369736914367745,2.04408519294166
-0.00202163297764569,2.0329135490063
-0.000493073886691152,2.02246318117503
0.000895321073238806,2.01273326368122
0.00215016600118102,2.00372295339244
0.00327766314102231,1.99543139254419
0.00428359166315942,1.98785771047507
0.00517329806664303,1.98100102456213
0.00595168805010298,1.97486044052913
0.00662321971764451,1.96943505227697
0.00719189800223716,1.964723941364
0.00766127020404615,1.96072617624502
0.00803442255483724,1.95744081136008
0.00831397773217295,1.95486688614862
0.00850209325875521,1.95300342405034
0.0086004607330933,1.95184943154086
0.00861030584781502,1.95140389723839
0.00853238916151212,1.95166579110659
